set output "diagram2.pdf"
set terminal pdfcairo
set title "Surface Area"
set xlabel "points n"
set ylabel "surface area"
plot '-' title 'surfaceArea' with dots
 
10 298537.84205850447
11 317545.1216229213
12 328396.9236103336
13 348167.45378191635
14 364354.5557889305
15 339744.231865975
16 359398.70680312725
17 372405.89640474616
18 386522.7165176298
19 370737.2311742423
20 382212.96361708554
21 388779.89477510966
22 386394.90348238335
23 403251.734303728
24 397821.8932391924
25 406328.51878078305
26 402352.21767170465
27 410518.2813028566
28 412217.01766363817
29 420054.3757742032
30 423776.20718580973
31 415975.2681787412
32 434278.63006732124
33 441413.6073428959
34 427157.2824131254
35 439061.3034741865
36 432013.11304808414
37 437283.82891307666
38 420754.69820284203
39 443426.52297385765
40 448154.27713173325
41 425779.34638632566
42 436169.7780801313
43 447452.21128719504
44 431758.7151330218
45 442215.03560493415
46 450662.22035132156
47 447229.78496866324
48 461433.6386387463
49 448100.81290236063
50 446450.0362186076
51 443088.4407353414
52 454627.83295730903
53 449276.2026072471
54 450413.399917801
55 450173.5313676527
56 454558.28808629955
57 461312.2566772646
58 453556.04076101346
59 443140.1071218536
60 455857.17687082035
61 457905.40380395186
62 466915.7162468709
63 461082.54690394225
64 455687.4556618183
65 459369.96810566785
66 455964.86044312635
67 464559.491720434
68 466752.92586990556
69 459909.87233343296
70 461867.8146518137
71 453921.64359844633
72 460251.28520997445
73 461524.7584526334
74 460107.71059334197
75 469832.37222337304
76 470241.8985920416
77 461473.0427224546
78 465319.4582732342
79 467507.05211354763
80 468735.05356206
81 463775.2903740003
82 462296.5436295013
83 462232.09730419493
84 464724.3022239105
85 468257.75631104043
86 464105.5219644039
87 456031.2867407996
88 465969.5226495903
89 475350.59927884507
90 471817.5618504209
91 472682.69450972707
92 474173.5343226516
93 470124.4838820804
94 473925.0844206296
95 469832.2252169041
96 468195.79128714936
97 472429.5399380557
98 474098.7738789586
99 473770.988194094
100 470272.17771542445
101 480942.24889062165
102 475708.87250100734
103 471098.9835954109
104 465835.8708476819
105 477256.9168151154
106 477333.6439990635
107 478654.88279427955
108 474995.41436109
109 468017.32493128284
110 473713.433169465
111 477694.7080340856
112 478500.79952080443
113 479345.23542959767
114 477880.1720729
115 479269.502975972
116 474277.898312083
117 476637.744045608
118 478174.35006478475
119 475708.15027394966
120 478944.4949353028
121 473380.4904286543
122 472642.3532166808
123 484851.81769394554
124 476442.3903209094
125 473111.7486141838
126 473903.8415109204
127 476303.05290558405
128 472495.3960084184
129 480137.7332755298
130 480228.745433126
131 479827.23111828207
132 478842.38344732573
133 476171.4099831197
134 474964.8359778793
135 477328.19078035007
136 476790.92355990014
137 480680.259493836
138 482933.769118301
139 478502.1989736898
140 478165.4741481564
141 482504.1200683485
142 479643.20807422325
143 478800.35983886593
144 481149.7767621076
145 478247.6531540406
146 477059.7455838554
147 482908.44169271423
148 481790.3297187614
149 478657.3930926296
150 482328.9877759105
151 478868.47152716987
152 484945.77579599066
153 479899.97342247295
154 478169.6018114256
155 474845.1412211121
156 480984.5057754751
157 485606.3772633019
158 487901.43367500906
159 480847.02742827067
160 484385.7441592304
161 482153.6451533703
162 477637.19160130044
163 481926.95212824154
164 484476.32173412817
165 478431.2356806836
166 476171.3804620219
167 476630.4176732831
168 481547.2455402934
169 481378.447325967
170 476690.2296992916
171 480372.6200167356
172 480392.79534351587
173 486573.8215250041
174 482845.248173778
175 480908.58749214927
176 482054.82714263396
177 479517.7171336452
178 484225.6589735305
179 481153.0444559183
180 482369.12480251375
181 485580.53351845173
182 486338.00417396834
183 485278.755986681
184 485724.3630371693
185 482461.1318371735
186 480897.616828448
187 484299.2481503689
188 483398.9136933818
189 482543.2524086609
190 489802.86196743697
191 485175.02719159395
192 488427.82899864425
193 484423.54238803266
194 486212.3794656591
195 487247.3506832378
196 480719.0804506735
197 481524.654988411
198 484004.95570362767
199 482115.2401808327
200 487742.55364100257
201 484876.3535757307
202 487666.1109529378
203 488525.27166898845
204 481339.2577280178
205 485626.5381582467
206 486475.1877695565
207 484003.8249273662
208 482090.5631666071
209 481137.1249051941
210 487787.8711698055
211 480659.21448150533
212 484069.79848704697
213 486566.9450741628
214 489233.7832060046
215 484288.7371411076
216 483690.8219173321
217 486814.32405297965
218 486337.1398628639
219 483373.3209811493
220 484986.9393019798
221 482390.9762981402
222 482572.2060920998
223 488252.8534965726
224 488177.96208948153
225 479009.4554618865
226 484507.0401317134
227 488984.5747938732
228 479830.8125457662
229 488111.61548672395
230 486811.0066733113
231 484508.10963329166
232 484117.3962404266
233 487767.29914586426
234 487318.84538977116
235 487838.6404133124
236 486825.32895149075
237 485571.1518717933
238 481407.5380825864
239 487115.5942421679
240 487002.0962084166
241 488035.3931838282
242 488303.06886029785
243 481047.9467678765
244 486078.29620375263
245 487862.7948577209
e