set output "diagram7.pdf"
set terminal pdfcairo
set title "Maximum Rejections"
set xlabel "points n"
set ylabel "max. rejections"
plot '-' title 'maximumRejections' with dots
 
10 3
11 1
12 4
13 6
14 2
15 1
16 7
17 3
18 8
19 5
20 5
21 3
22 3
23 6
24 8
25 9
26 4
27 5
28 5
29 11
30 5
31 4
32 17
33 10
34 9
35 9
36 17
37 16
38 22
39 19
40 12
41 8
42 16
43 19
44 11
45 15
46 15
47 12
48 21
49 20
50 27
51 12
52 14
53 13
54 22
55 24
56 33
57 32
58 30
59 30
60 24
61 20
62 18
63 13
64 42
65 18
66 32
67 48
68 19
69 35
70 36
71 46
72 35
73 38
74 35
75 41
76 37
77 52
78 41
79 34
80 26
81 43
82 56
83 30
84 46
85 49
86 25
87 33
88 38
89 50
90 50
91 33
92 42
93 44
94 37
95 28
96 82
97 35
98 33
99 41
100 64
101 73
102 59
103 50
104 41
105 72
106 81
107 33
108 48
109 67
110 45
111 47
112 67
113 33
114 46
115 69
116 99
117 77
118 55
119 62
120 60
121 79
122 62
123 57
124 65
125 104
126 45
127 66
128 73
129 46
130 49
131 68
132 94
133 63
134 56
135 59
136 45
137 91
138 87
139 81
140 51
141 62
142 63
143 44
144 72
145 51
146 43
147 78
148 87
149 63
150 74
151 59
152 63
153 79
154 110
155 82
156 53
157 67
158 68
159 93
160 89
161 98
162 76
163 113
164 121
165 135
166 98
167 92
168 92
169 100
170 82
171 123
172 65
173 116
174 100
175 111
176 72
177 90
178 128
179 68
180 87
181 86
182 93
183 87
184 125
185 59
186 66
187 60
188 99
189 126
190 67
191 99
192 153
193 110
194 158
195 93
196 106
197 121
198 66
199 119
200 95
201 126
202 99
203 85
204 106
205 82
206 153
207 119
208 132
209 152
210 84
211 144
212 163
213 84
214 86
215 104
216 96
217 112
218 151
219 116
220 123
221 130
222 132
223 123
224 146
225 135
226 155
227 101
228 129
229 106
230 193
231 111
232 139
233 129
234 78
235 141
236 112
237 112
238 149
239 94
240 157
241 91
242 129
243 158
244 121
245 122
246 119
247 139
248 136
249 156
250 153
251 158
252 126
253 153
254 148
255 179
256 143
257 144
258 109
259 177
260 137
261 218
262 139
263 148
264 171
265 192
266 168
267 136
268 149
269 148
270 178
271 166
272 151
273 177
274 112
275 132
276 159
277 182
278 192
279 161
280 153
281 242
282 178
283 145
284 231
285 181
286 124
287 236
288 142
289 160
290 168
291 159
292 135
293 195
294 156
295 158
296 176
297 121
298 232
299 165
300 128
301 236
302 155
303 210
304 168
305 176
306 154
307 208
308 225
309 182
310 169
311 204
312 187
313 173
314 206
315 168
316 218
317 176
318 193
319 147
320 214
321 144
322 223
323 219
324 164
325 205
326 170
327 199
328 208
329 286
330 181
331 233
332 165
333 214
334 226
335 259
336 159
337 185
338 171
339 232
340 214
341 170
342 296
343 193
344 206
345 279
346 215
347 161
348 242
349 230
350 244
351 183
352 195
353 256
354 262
355 320
356 171
357 182
358 199
359 143
360 218
361 214
362 226
363 168
364 253
365 275
366 231
367 271
368 274
369 153
370 209
371 225
372 256
373 230
374 202
375 224
376 232
377 166
378 194
379 269
380 246
381 269
382 221
383 262
384 172
385 220
386 259
387 166
388 306
389 254
390 256
391 243
392 190
393 175
394 206
395 237
396 216
397 319
398 197
399 296
400 250
401 182
402 214
403 206
404 257
405 294
406 304
407 207
408 291
409 249
410 236
411 284
412 288
413 243
414 335
415 283
416 178
417 214
418 211
419 230
420 231
421 269
422 272
423 262
424 234
425 203
426 294
427 222
428 238
429 240
430 338
431 254
432 291
433 376
434 275
435 265
436 297
437 212
438 285
439 363
440 214
441 271
442 295
443 242
444 226
444 283
445 390
446 365
447 310
448 239
449 304
450 235
451 233
452 374
453 402
454 286
455 213
456 280
457 183
458 279
459 276
460 244
461 275
462 316
463 258
464 270
465 238
466 257
467 193
468 313
469 246
470 295
471 268
472 217
473 249
474 249
475 234
476 342
477 250
478 307
479 282
480 253
481 301
482 364
483 297
484 371
485 247
486 329
487 290
488 251
489 231
490 380
491 249
492 243
493 283
494 347
495 332
496 279
497 254
498 288
499 295
500 313
501 319
502 409
503 299
504 192
505 361
506 335
507 369
508 373
509 369
510 331
511 199
512 290
513 246
514 437
515 232
516 356
517 396
518 356
519 384
520 349
521 224
522 362
523 295
524 402
525 271
526 344
527 422
528 220
529 267
530 401
531 326
532 310
533 341
534 383
535 271
536 376
537 433
538 449
541 367
542 358
543 313
546 403
e