set output "diagram6.pdf"
set terminal pdfcairo
set title "Initialize Rejections"
set xlabel "points n"
set ylabel "init. rejections"
plot '-' title 'initializeRejections' with dots
 
10 1
11 2
12 0
13 0
14 0
15 0
16 0
17 1
18 1
19 0
20 4
21 0
22 1
23 2
24 5
25 0
26 2
27 3
28 7
29 1
30 0
31 1
32 0
33 0
34 2
35 2
36 1
37 2
38 15
39 8
40 5
41 7
42 0
43 1
44 4
45 5
46 10
47 11
48 0
49 1
50 0
51 0
52 1
53 5
54 8
55 8
56 6
57 0
58 2
59 4
60 3
61 0
62 13
63 10
64 3
65 0
66 2
67 11
68 9
69 7
70 9
71 2
72 5
73 4
74 8
75 11
76 2
77 10
78 7
79 2
80 8
81 2
82 6
83 7
84 5
85 5
86 0
87 1
88 23
89 2
90 6
91 2
92 7
93 1
94 6
95 0
96 0
97 25
98 7
99 21
100 6
101 11
102 29
103 11
104 11
105 18
106 5
107 14
108 2
109 0
110 14
111 16
112 21
113 3
114 7
115 3
116 13
117 7
118 6
119 7
120 2
121 18
122 37
123 1
124 5
125 0
126 24
127 6
128 30
129 10
130 2
131 6
132 14
133 3
134 26
135 0
136 15
137 9
138 9
139 14
140 0
141 6
142 10
143 18
144 20
145 14
146 14
147 3
148 3
149 8
150 7
151 3
152 19
153 24
154 25
155 4
156 1
157 6
158 0
159 0
160 4
161 11
162 0
163 5
164 22
165 3
166 5
167 1
168 13
169 2
170 3
171 24
172 12
173 26
174 6
175 14
176 4
177 38
178 9
179 44
180 43
181 7
182 32
183 5
184 0
185 19
186 24
187 4
188 6
189 16
190 33
191 7
192 0
193 21
194 19
195 11
196 1
197 3
198 13
199 26
200 13
201 23
202 18
203 14
204 29
205 18
206 23
207 6
208 22
209 11
210 20
211 6
212 45
213 4
214 16
215 6
216 5
217 0
218 74
219 31
220 52
221 17
222 42
223 3
224 44
225 12
226 33
227 0
228 16
229 5
230 50
231 45
232 18
233 13
234 75
235 45
236 12
237 32
238 1
239 36
240 69
241 18
242 36
243 50
244 6
245 15
246 22
247 3
248 28
249 2
250 16
251 1
252 19
253 3
254 11
255 43
256 12
257 25
258 8
259 1
260 13
261 19
262 68
263 5
264 9
265 16
266 0
267 14
268 15
269 8
270 22
271 11
272 18
273 23
274 6
275 3
276 7
277 0
278 37
279 4
280 8
281 15
282 5
283 12
284 3
285 15
286 5
287 2
288 2
289 81
290 44
291 21
292 60
293 23
294 1
295 57
296 33
297 2
298 110
299 12
300 82
301 19
302 50
303 39
304 90
305 23
306 0
307 50
308 4
309 37
310 4
311 13
312 0
313 67
314 20
315 12
316 8
317 26
318 2
319 5
320 9
321 26
322 61
323 27
324 28
325 13
326 120
327 0
328 39
329 42
330 24
331 6
332 38
333 36
334 36
335 63
336 2
337 0
338 5
339 32
340 0
341 31
342 5
343 71
344 35
345 17
346 97
347 34
348 4
349 32
350 13
351 72
352 4
353 39
354 36
355 46
356 5
357 2
358 23
359 9
360 35
361 19
362 1
363 11
364 20
365 29
366 40
367 27
368 107
369 44
370 33
371 9
372 0
373 61
374 59
375 17
376 2
377 52
378 6
379 0
380 122
381 33
382 11
383 11
384 74
385 15
386 79
387 15
388 12
389 58
390 1
391 0
392 73
393 78
394 113
395 48
396 2
397 71
398 45
399 13
400 32
401 13
402 20
403 14
404 59
405 6
406 53
407 91
408 15
409 0
410 36
411 33
412 16
413 13
414 44
415 49
416 0
417 22
418 12
419 28
420 25
421 38
422 7
423 5
424 7
425 32
426 2
427 2
428 26
429 3
430 32
431 43
432 11
433 70
434 19
435 114
436 34
437 55
438 11
439 3
440 93
441 72
442 80
443 13
444 19
444 31
445 10
446 20
447 7
448 11
449 32
450 99
451 41
452 65
453 12
454 19
455 64
456 30
457 19
458 24
459 130
460 19
461 76
462 67
463 8
464 29
465 30
466 142
467 75
468 54
469 12
470 12
471 24
472 154
473 38
474 8
475 24
476 37
477 128
478 2
479 26
480 7
481 99
482 19
483 24
484 15
485 28
486 16
487 24
488 8
489 9
490 34
491 194
492 38
493 10
494 48
495 1
496 86
497 6
498 23
499 50
500 30
501 127
502 45
503 36
504 42
505 43
506 77
507 10
508 14
509 170
510 17
511 34
512 66
513 27
514 58
515 122
516 52
517 38
518 12
519 1
520 10
521 149
522 7
523 44
524 189
525 167
526 11
527 15
528 21
529 6
530 91
531 11
532 52
533 39
534 59
535 2
536 20
537 36
538 37
541 100
542 69
543 1
546 68
e