set output "diagram0.pdf"
set terminal pdfcairo
set title "Time for Creation"
set xlabel "points n"
set ylabel "time in s"
plot '-' title 'timeForCreation' with dots
 
10 592992.18
11 48816.57
12 43177.75
13 57550.79
14 24335980.03
15 74896.3
16 24990276.76
17 31169145.35
18 29406311.98
19 214264678.90816328
20 4345744143.2
21 2720643393.43
22 2001154084.95
23 1740540207.09
24 1597367644.66
25 1420602797.3
26 1651420784.24
27 1271545890.72
28 1366368017.44
29 1124075128.58
30 1199433768.51
31 1305030050.53
32 1155803018.67
33 1199094396.61
34 1472147328.67
35 1247919140.01
36 1197812567.43
37 1472198433.24
38 1210471375.11
39 1303510524.83
40 1334763967.47
41 1409571781.24
42 1379338796.85
43 1410936952.97
44 1348902236.15
45 1548094199.67
46 1840118382.53
47 1788615220.07
48 1620379229.85
49 1421452328.8
50 1347952675.38
51 1559993854.67
52 1422935702.68
53 1894331528.4
54 1802292203.12
55 1483593671.03
56 1769299996.14
57 1871079801.77
58 2068941801.21
59 2658224704.04
60 2036660969.43
61 2334577613.59
62 2601258947.17
63 2681987933.57
64 2531220859.65
65 2934600698.21
66 2781007865.69
67 3226339401.76
68 3004535120.54
69 3681766522.48
70 3455499170.3
71 3490232981.83
72 4372100270.12
73 3730940181.72
74 4678295223.4
75 4465893467.63
76 4535560029.45
77 5494433469.84
78 6241740101.98
79 10775185175.17
80 9276889183.32
81 9434792107.51
82 7835686635.63
83 7669281861.6
84 8328252353.87
85 8131492798.82
86 8126992171.98
87 8325911717.77
88 7696219035.86
89 7791298466.93
90 7991364252.36
91 8405470162.46
92 8033348245.66
93 8235315817.23
94 7952616372.6
95 8424032571.29
96 8502730929.22
97 8305809952.43
98 8606285051.35
99 8219368421.34
100 8085747711.6
101 8257750431.64
102 8510584098.04
103 8996181310.66
104 8543314136.2
105 8587662353.58
106 8314452792.23
107 8325007956.25
108 8282424350.13
109 8098595495.56
110 8518252018.18
111 8431176641.22
112 9067982952.03
113 8713558896.64
114 8885379184.81
115 9092625272.71
116 9441627659.18
117 8781570534.63
118 9406370688.01
119 9019456010.15
120 8918101018.83
121 9906211530.68
122 9411848881.42
123 10106567052.4
124 9928325896.49
125 9942822824.72
126 9556111643.59
127 9553202576.99
128 9642943611.18
129 9616635568.67
130 9905027878.42
131 9168380308.72
132 9642166402.23
133 10312731666.41
134 10785029463.33
135 10699478554.96
136 10222750323.96
137 10319285645.67
138 10966054236.23
139 11202269250.49
140 10983643303.05
141 11053765422.82
142 11031244326.43
143 10786581982.66
144 11352640541.45
145 11532622928.38
146 11279062175.72
147 11486625731.51
148 11761856054.97
149 11329364759.55
150 11285767725.16
151 12119560336.82
152 11775397928.99
153 11598842176.56
154 12363126890.55
155 12022490650.46
156 12568099497.13
157 12257377128.57
158 12262404864.82
159 12584010804.9
160 12614148179.4
161 12925684054.69
162 12894635987.89
163 13180214892.0
164 13037535481.25
165 13329154689.24
166 13255403288.07
167 13329816486.48
168 13563336031.29
169 12868202970.5
170 13444993658.66
171 13464964209.77
172 13198396969.67
173 13633303537.92
174 13710940812.33
175 14083936203.24
176 14043103903.27
177 14395296518.49
178 14178290451.88
179 14088718388.23
180 14216485599.66
181 14213776540.06
182 14333897612.35
183 14484794019.33
184 14823150768.85
185 14538418450.67
186 14786572674.1
187 15127533509.4
188 14931617643.23
189 15046187264.29
190 14986771450.51
191 15201781259.23
192 14947684825.02
193 15641565044.23
194 15480052712.45
195 15863883288.64
196 16094013858.96
197 15776438981.53
198 16233338876.87
199 16308964433.9
200 16554764179.25
201 16293455897.06
202 16213255176.99
203 16429571665.42
204 16967922118.76
205 16545612771.43
206 16570121811.86
207 16727687994.38
208 17072049592.65
209 16663853443.19
210 17294778449.65
211 17118922891.52
212 17476930558.68
213 17535844764.24
214 18085839009.53
215 17505134253.78
216 17719912280.85
217 17655818656.34
218 17998085671.01
219 17608746495.4
220 18008473026.11
221 19344083868.42
222 19932276075.63
223 18681191174.99
224 18635419074.56
225 18674206664.61
226 18577359929.78
227 18743684705.95
228 18517556440.62
229 18678680716.61
230 19179840945.05
231 18959342523.25
232 19335866635.63
233 19463360808.71
234 19528185131.5
235 19284866241.26
236 19462249501.36
237 19411721598.29
238 19609766666.17
239 19969634948.39
240 20064089963.37
241 19931772524.82
242 20113271662.08
243 20091633510.15
244 20289127029.24
245 20558999011.861702
e