set output "diagram4.pdf"
set terminal pdfcairo
set title "Rejections"
set xlabel "points n"
set ylabel "rejections"
plot '-' title 'rejections' with dots
 
10 118
11 158
12 182
13 234
14 250
15 391
16 356
17 390
18 435
19 465
20 445
21 480
22 547
23 571
24 611
25 694
26 674
27 856
28 814
29 859
30 835
31 1003
32 968
33 1073
34 1071
35 1049
36 1274
37 1251
38 1310
39 1367
40 1540
41 1775
42 1605
43 1784
44 1706
45 1870
46 1730
47 2002
48 2116
49 1976
50 1915
51 2101
52 2217
53 2286
54 2233
55 2385
56 2496
57 2591
58 2538
59 2781
60 2835
61 2795
62 2975
63 3257
64 3132
65 3252
66 2990
67 3169
68 3358
69 3294
70 3384
71 3410
72 3583
73 3664
74 3896
75 3605
76 3806
77 3915
78 4163
79 3870
80 4146
81 4210
82 4137
83 4209
84 4369
85 4258
86 4707
87 4637
88 4567
89 4777
90 4819
91 4991
92 4998
93 5171
94 5151
95 5314
96 5267
97 5393
98 5320
99 5829
100 5975
101 5780
102 5719
103 5506
104 6082
105 5938
106 6095
107 6234
108 5999
109 6190
110 6452
111 6338
112 6958
113 6794
114 6736
115 6856
116 6980
117 6952
118 6844
119 7114
120 7276
121 7298
122 7286
123 7435
124 7672
125 7397
126 7971
127 7756
128 8187
129 8279
130 7957
131 8129
132 8128
133 8425
134 8404
135 8335
136 8452
137 8819
138 8625
139 9102
140 8870
141 8843
142 8977
143 9174
144 9518
145 9312
146 9516
147 9380
148 9645
149 9528
150 9812
151 9681
152 9557
153 9891
154 10200
155 10279
156 10317
157 10114
158 10146
159 10892
160 10752
161 10845
162 10554
163 10778
164 11376
165 10663
166 11324
167 11121
168 11214
169 11279
170 11609
171 11465
172 11407
173 11858
174 12091
175 12018
176 12226
177 12001
178 12473
179 12340
180 12270
181 12389
182 12381
183 12666
184 13027
185 13349
186 13115
187 13114
188 13059
189 13480
190 13200
191 13614
192 13559
193 13192
194 13883
195 13739
196 13553
197 13969
198 14544
199 14364
200 14618
201 14240
202 14580
203 14751
204 15133
205 15045
206 14739
207 15335
208 14758
209 15396
210 15106
211 15091
212 15481
213 15496
214 15642
215 15809
216 16028
217 15901
218 16132
219 15597
220 16075
221 16431
222 16774
223 16033
224 16393
225 16924
226 16894
227 16732
228 16917
229 17151
230 16899
231 16792
232 17285
233 17476
234 17621
235 17912
236 17229
237 17786
238 17737
239 18171
240 17535
241 17688
242 18618
243 18322
244 17649
245 18788
246 18738
247 18486
248 19338
249 19040
250 18846
251 18805
252 19237
253 19626
254 19278
255 19320
256 19738
257 19600
258 19650
259 19577
260 20399
261 20072
262 20521
263 20041
264 20663
265 20164
266 20440
267 21327
268 21049
269 20370
270 20988
271 21199
272 20914
273 21600
274 21498
275 20709
276 21414
277 21599
278 21860
279 22024
280 21867
281 22280
282 22006
283 22359
284 22883
285 22833
286 22516
287 22703
288 22587
289 23120
290 23108
291 22783
292 23473
293 23280
294 23368
295 23295
296 23917
297 23850
298 23990
299 23885
300 23864
301 23996
302 24316
303 24141
304 23892
305 24442
306 24819
307 25033
308 24468
309 24721
310 25327
311 25306
312 25102
313 24748
314 24924
315 25103
316 26034
317 25343
318 25996
319 25822
320 26142
321 26259
322 26348
323 26301
324 26543
325 26166
326 26648
327 27059
328 26683
329 27025
330 27235
331 26971
332 27326
333 27276
334 27302
335 27808
336 27468
337 27740
338 27278
339 27900
340 28024
341 28114
342 28024
343 27836
344 28402
345 28424
346 28170
347 28618
348 28717
349 28601
350 29200
351 29506
352 29676
353 28772
354 29031
355 29261
356 29764
357 29836
358 30053
359 29865
360 29645
361 30496
362 30363
363 29975
364 29867
365 30084
366 30802
367 30448
368 30981
369 30682
370 30737
371 30861
372 30861
373 31773
374 31402
375 31597
376 32144
377 32365
378 31970
379 31797
380 31933
381 31719
382 32235
383 31967
384 32631
385 32499
386 32294
387 32465
388 32659
389 33085
390 33179
391 32836
392 33372
393 33215
394 33171
395 33092
396 34004
397 33246
398 34120
399 33586
400 33944
401 33866
402 34120
403 33904
404 34096
405 34482
406 34991
407 34198
408 34854
409 34868
410 34873
411 34917
412 34860
413 35766
414 35193
415 35446
416 35314
417 35382
418 36071
419 35641
420 36134
421 36124
422 36372
423 36604
424 35853
425 36272
426 36037
427 36842
428 36534
429 36773
430 37276
431 38010
432 37013
433 37647
434 37463
435 37663
436 37690
437 37458
438 37475
439 37890
440 38010
441 38781
442 38317
443 38578
444 37883
445 38512
446 38679
447 39182
448 38723
449 39166
450 38958
451 39326
452 39284
453 38840
454 39445
455 39243
456 39620
457 39814
458 39293
459 39935
460 40186
461 40576
462 39895
463 40472
464 40417
465 40141
466 40036
467 40642
468 41164
469 40392
470 41091
471 40767
472 41611
473 41818
474 41356
475 41085
476 41199
477 42104
478 42115
479 42313
480 42350
481 41995
482 42194
483 42442
484 41847
485 42328
486 42821
487 42381
488 42154
489 42452
490 42936
491 43377
492 43351
493 43620
494 43516
495 43550
496 43655
497 43671
498 44232
499 44620
500 44353
501 43934
502 44473
503 44623
504 43949
505 44618
506 45020
507 44789
508 45215
509 45089
510 45136
511 45463
512 45073
513 46314
514 45689
515 45534
516 45517
517 45660
518 46275
519 45621
520 45300
521 46616
522 45938
523 46623
524 46056
525 47359
526 46486
527 46987
528 47289
529 46900
530 46885
531 46244
532 47920
533 46491
534 47131
535 47566
536 48211
537 48038
538 47914
539 47508
540 48081
541 48333
542 48273
543 48424
544 48261
545 48227
546 49146
547 48545
548 48640
549 49006
550 48841
551 48730
552 49293
553 49397
554 49581
555 49975
556 49573
557 49655
558 50448
559 50148
560 50635
561 50307
562 50670
563 50455
564 50759
565 50353
566 51184
567 51069
568 50677
569 50642
570 51164
571 51555
572 50885
573 51837
574 51739
575 51583
576 52743
577 51697
578 52001
579 52684
580 52396
581 52670
582 52667
583 52660
584 52744
585 52644
586 53095
587 53076
588 52999
589 53282
590 53148
591 53562
592 53756
593 53473
594 53623
595 54072
596 53986
597 54225
598 53752
599 54453
600 54560
601 54640
602 54581
603 54497
604 54857
605 54187
606 54913
607 55291
608 54543
609 55016
610 54730
611 55238
612 55195
613 55594
614 55889
615 55407
616 56319
617 55790
618 56324
619 56011
620 55962
621 56941
622 56659
623 57026
624 57377
625 56656
626 57105
627 56923
628 57293
629 57281
630 56998
631 57981
632 57759
633 57618
634 57948
635 57511
636 58042
637 58583
638 58682
639 58609
640 58253
641 58799
642 58691
643 58286
644 59018
645 59445
646 58806
647 58890
648 59134
649 59175
650 59531
651 59577
652 59955
653 59678
654 59888
655 59736
656 59657
657 60570
658 60359
659 60361
660 60286
661 60279
662 60319
663 60402
664 61010
665 60589
666 61160
667 60874
668 61160
669 61205
670 61431
671 61156
672 61623
673 61777
674 61355
675 62212
676 62162
677 62609
678 62432
679 62517
680 62531
681 62986
682 62546
683 62396
684 63599
685 62259
686 62866
687 62504
688 63644
689 63351
690 62703
691 63645
692 63799
693 63794
694 63431
695 63248
696 63279
697 63537
698 64253
699 64046
700 64418
701 64030
702 64262
703 64673
704 64860
705 65253
706 65236
707 65166
708 65268
709 65569
710 64888
711 64807
712 65629
713 65422
714 65443
715 66291
716 65666
717 65832
718 65783
719 66136
720 66707
721 66309
722 66641
723 66615
724 66399
725 67256
726 66505
727 67517
728 66722
729 67782
730 67419
731 66842
732 66844
733 67506
734 68300
735 67365
736 68266
737 68248
738 67702
739 68123
740 68596
741 68691
742 69445
743 68779
744 68396
745 68433
746 68839
747 69006
748 69293
749 69219
750 69796
751 68927
752 70348
753 70365
754 69545
755 69912
756 70354
757 70158
758 70315
759 70578
760 70298
761 70711
762 70221
763 70439
764 70038
765 70907
766 71369
767 71249
768 71649
769 71902
770 71138
771 71749
772 71988
773 72185
774 72101
775 72114
776 72673
777 72502
778 72094
779 72073
780 72734
781 72670
782 72405
783 73071
784 72548
785 72884
786 72982
787 73106
788 73956
789 73023
790 73813
791 73637
792 74241
793 74012
794 74120
795 73770
796 73965
797 73927
798 74336
799 74120
800 74761
801 74106
802 74708
803 74742
804 74467
805 74532
806 75537
807 75415
808 75377
809 75638
810 75427
811 75980
812 75713
813 75729
814 76142
815 75819
816 76022
817 76776
818 75632
819 76707
820 76488
821 77710
822 77030
823 76512
824 77021
825 77040
826 76489
827 77794
828 77383
829 77633
830 76933
831 77740
832 77852
833 77618
834 78179
835 78260
836 78289
837 78579
838 78480
839 78345
840 78447
841 78283
842 79107
843 78858
844 78458
845 79170
846 79575
847 78603
848 79300
849 80106
850 79962
851 80223
852 79345
853 79407
854 79432
855 79285
856 80608
857 80585
858 80703
859 80140
860 80739
861 80761
862 81079
863 80962
864 80944
865 80909
866 81041
867 80962
868 81369
869 82168
870 81562
871 81558
872 81110
873 82119
874 82203
875 82403
876 82099
877 82456
878 82873
879 83226
880 82802
881 83460
882 82773
883 82561
884 83285
885 83250
886 83437
887 83012
888 83369
889 83780
890 83558
891 83646
892 83639
893 84342
894 84323
895 83788
896 83736
897 84485
898 84594
899 84669
900 84198
901 85359
902 85058
903 84351
904 85576
905 84888
906 85616
907 85194
908 85308
909 85362
910 85600
911 85180
912 85636
913 85782
914 86412
915 86466
916 86575
917 86414
918 86539
919 86037
920 87007
921 86651
922 86192
923 87198
924 87084
925 86755
926 87003
927 87020
928 87346
929 87661
930 87869
931 87073
932 87433
933 88089
934 87919
935 88573
936 88373
937 88725
938 88785
939 88899
940 88701
941 89204
942 88880
943 88787
944 88796
945 89094
946 89339
947 90058
948 89116
949 89829
950 89888
951 90234
952 90317
953 90395
954 89326
955 90431
956 90227
957 91434
958 89845
959 90740
960 90324
961 90963
962 91849
963 90642
964 91566
965 91129
966 91136
967 91637
968 91427
969 91441
970 91704
971 91721
972 92119
973 91059
974 91021
975 92326
976 91856
977 92636
978 91925
979 92595
980 93073
981 92798
982 92756
983 93430
984 93348
985 93781
986 93202
987 93363
988 92981
989 94013
990 93599
991 93478
992 94731
993 93328
994 94533
995 94139
996 94590
997 95142
998 94975
999 94327
1000 94485
1001 94555
1002 94877
1003 95325
1004 95330
1005 94915
1006 95197
1007 95600
1008 96008
1009 95947
1010 95910
1011 95788
1012 95630
1013 96042
1014 96346
1015 95849
1016 96160
1017 96513
1018 96294
1019 96812
1020 96863
1021 97275
1022 97511
1023 96671
1024 96754
1025 97867
1026 97895
1027 97395
1028 97728
1029 97093
1030 97482
1031 98109
1032 97701
1033 98480
1034 97743
1035 98356
1036 97568
1037 98356
1038 98847
1039 98398
1040 98094
1041 99147
1042 98979
1043 98653
1044 98800
1045 99373
1046 98860
1047 99872
1048 99658
1049 99747
1050 100248
1051 99944
1052 100169
1053 100403
1054 100294
1055 100288
1056 101554
1057 100781
1058 100148
1059 100504
1060 100967
1061 100821
1062 101629
1063 101139
1064 101078
1065 101226
1066 100914
1067 101686
1068 102111
1069 102037
1070 102152
1071 102463
1072 102500
1073 101730
1074 101977
1075 102311
1076 102823
1077 102793
1078 103055
1079 102704
1080 102577
1081 103360
1082 103305
1083 103454
1084 103555
1085 103064
1086 103122
1087 103795
1088 103925
1089 103902
1090 104005
1091 103847
1092 104136
1093 103866
1094 104083
1095 104635
1096 103608
1097 104822
1098 104607
1099 104751
1100 104397
1101 105120
1102 105073
1103 105180
1104 105451
1105 105700
1106 105308
1107 105842
1108 105631
1109 105441
1110 105428
1111 105872
1112 105992
1113 106229
1114 106014
1115 105927
1116 106573
1117 106641
1118 106834
1119 106648
1120 106699
1121 106500
1122 106808
1123 107626
1124 107507
1125 107600
1126 107414
1127 107629
1128 107670
1129 107754
1130 108020
1131 108241
1132 108486
1133 108832
1134 108211
1135 108216
1136 108716
1137 108904
1138 108706
1139 108975
1140 108524
1141 108472
1142 109021
1143 109572
1144 109602
1145 109761
1146 109276
1147 109388
1148 109751
1149 110112
1150 109329
1151 109402
1152 110363
1153 110384
1154 110481
1155 110624
1156 110554
1157 110223
1158 110999
1159 110582
1160 111005
1161 110738
1162 111112
1163 111373
1164 111574
1165 111609
1166 111837
1167 111504
1168 111566
1169 111805
1170 111990
1171 112693
1172 112493
1173 112284
1174 112631
1175 112377
1176 112532
1177 112950
1178 112667
1179 113005
1180 113225
1181 112947
1182 112397
1183 113300
1184 113716
1185 112958
1186 113163
1187 113667
1188 113711
1189 113676
1190 113714
1191 113772
1192 114117
1193 114411
1194 114215
1195 114241
1196 115058
1197 114952
1198 114802
1199 114855
1200 114891
1201 114797
1202 115071
1203 114944
1204 116099
1205 115120
1206 115381
1207 115917
1208 115992
1209 116078
1210 116372
1211 115857
1212 116294
1213 116166
1214 116993
1215 116385
1216 116490
1217 116312
1218 117281
1219 116708
1220 116243
1221 117003
1222 116685
1223 117099
1224 117606
1225 117610
1226 117809
1227 117996
1228 117500
1229 118189
1230 118850
1231 118142
1232 118576
1233 118062
1234 118621
1235 118336
1236 119109
1237 118712
1238 118407
1239 118885
1240 119072
1241 119624
1242 119224
1243 119283
1244 119413
1245 119623
1246 119445
1247 119686
1248 119738
1249 119794
1250 119761
1251 119992
1252 119986
1253 120214
1254 119674
1255 120680
1256 120989
1257 120551
1258 121136
1259 120414
1260 120563
1261 121104
1262 120802
1263 121544
1264 121472
1265 121509
1266 121870
1267 121909
1268 121701
1269 121829
1270 122129
1271 122203
1272 121520
1273 122511
1274 122181
1275 122771
1276 123278
1277 122535
1278 122770
1279 122811
1280 123292
1281 123355
1282 123139
1283 123210
1284 123472
1285 123925
1286 123726
1287 124026
1288 123715
1289 123910
1290 123536
1291 124595
1292 124603
1293 124414
1294 124118
1295 124450
1296 125270
1297 124944
1298 124468
1299 124722
1300 124902
1301 125138
1302 124683
1303 125336
1304 125432
1305 125416
1306 125965
1307 125185
1308 125767
1309 125983
1310 125812
1311 125716
1312 126616
1313 126757
1314 126817
1315 126958
1316 126020
1317 126729
1318 127104
1319 126580
1320 127396
1321 127253
1322 126997
1323 127837
1324 127156
1325 127580
1326 127812
1327 128417
1328 128150
1329 127465
1330 128265
1331 128359
1332 128179
1333 128256
1334 128106
1335 128617
1336 128469
1337 128894
1338 128874
1339 129104
1340 128865
1341 129297
1342 129203
1343 129543
1344 129206
1345 130252
1346 129135
1347 129243
1348 129297
1349 129729
1350 130087
1351 130560
1352 130310
1353 130373
1354 130194
1355 130804
1356 130571
1357 131215
1358 131197
1359 130585
1360 131066
1361 130993
1362 131112
1363 131580
1364 131832
1365 131031
1366 131261
1367 132261
1368 131970
1369 132311
1370 131284
1371 132659
1372 132581
1373 132115
1374 132579
1375 133035
1376 132178
1377 132770
1378 132604
1379 132781
1380 132646
1381 133186
1382 133532
1383 132981
1384 133576
1385 133597
1386 133514
1387 133592
1388 133860
1389 134330
1390 134144
1391 134260
1392 134621
1393 134318
1394 134807
1395 134962
1396 135000
1397 134356
1398 134887
1399 134742
1400 135059
1401 135222
1402 135517
1403 135060
1404 135740
1405 135770
1406 135363
1407 136457
1408 135633
1409 135699
1410 136144
1411 135984
1412 135597
1413 136588
1414 136467
1415 137093
1416 136816
1417 136049
1418 136811
1419 137100
1420 136657
1421 137490
1422 136754
1423 137546
1424 137822
1425 137817
1426 137936
1427 137407
1428 137355
1429 137951
1430 138148
1431 138396
1432 138101
1433 138101
1434 138241
1435 138373
1436 138689
1437 138760
1438 139607
1439 139173
1440 139813
1441 139788
1442 139316
1443 139516
1444 139800
1445 139751
1446 139740
1447 139788
1448 139602
1449 140152
1450 140420
1451 140308
1452 140469
1453 140399
1454 140321
1455 140839
1456 140959
1457 141192
1458 141591
1459 141384
1460 141244
1461 141539
1462 141729
1463 141148
1464 141196
1465 140800
1466 142067
1467 141600
1468 141724
1469 141971
1470 142264
1471 142107
1472 141899
1473 142967
1474 142289
1475 142908
1476 142877
1477 142916
1478 142606
1479 142900
1480 143325
1481 143366
1482 143302
1483 143492
1484 144065
1485 143320
1486 143532
1487 144156
1488 143611
1489 144067
1490 143265
1491 144455
1492 144320
1493 143979
1494 144830
1495 144889
1496 144894
1497 144558
1498 144958
1499 145643
1500 145624
1501 144962
1502 145314
1503 145355
1504 145437
1505 145689
1506 145397
1507 146002
1508 145937
1509 145954
1510 146334
1511 146201
1512 146403
1513 146083
1514 146670
1515 146850
1516 146405
1517 146845
1518 147479
1519 146975
1520 147594
1521 147389
1522 147053
1523 147402
1524 147673
1525 147414
1526 147586
1527 148149
1528 147381
1529 148797
1530 147388
1531 148621
1532 147931
1533 148735
1534 148144
1535 148864
1536 148814
1537 149539
1538 149013
1539 149123
1540 149451
1541 149164
1542 149803
1543 149270
1544 149662
1545 149883
1546 150082
1547 149684
1548 150303
1549 149759
1550 150078
1551 150879
1552 150285
1553 150739
1554 150784
1555 150899
1556 149980
1557 151199
1558 150627
1559 151189
1560 150939
1561 151348
1562 151139
1563 151487
1564 151551
1565 151761
1566 151488
1567 151840
1568 151787
1569 151869
1570 152037
1571 152663
1572 152514
1573 152213
1574 152106
1575 152523
1576 152815
1577 152559
1578 152648
1579 153308
1580 153207
1581 152704
1582 153408
1583 153203
1584 153375
1585 153859
1586 153676
1587 154027
1588 153314
1589 154043
1590 154634
1591 154477
1592 154985
1593 154415
1594 153930
1595 154489
1596 154995
1597 154681
1598 155454
1599 154703
1600 155379
1601 155248
1602 155775
1603 155189
1604 155880
1605 155817
1606 156312
1607 156204
1608 155922
1609 156140
1610 156746
1611 156143
1612 156559
1613 155867
1614 156724
1615 157072
1616 156698
1617 156950
1618 157618
1619 157435
1620 157690
1621 157191
1622 157710
1623 157468
1624 157951
1625 157529
1626 158145
1627 157536
1628 157935
1629 157670
1630 157545
1631 158803
1632 158555
1633 158609
1634 158348
1635 158521
1636 159495
1637 158997
1638 159618
1639 159517
1640 159061
1641 159154
1642 159747
1643 159917
1644 159861
1645 159853
1646 160257
1647 160338
1648 159954
1649 160048
1650 160579
1651 160341
1652 160565
1653 160900
1654 160626
1655 161038
1656 161002
1657 161209
1658 160989
1659 161002
1660 160782
1661 161514
1662 161333
1663 161203
1664 161426
1665 161262
1666 161540
1667 161843
1668 162502
1669 162629
1670 161739
1671 162499
1672 162917
1673 162991
1674 162507
1675 162891
1676 163011
1677 162807
1678 163026
1679 163151
1680 163005
1681 163696
1682 163800
1683 163353
1684 163529
1685 163539
1686 163509
1687 164269
1688 164892
1689 164612
1690 164272
1691 164602
1692 165016
1693 164767
1694 164584
1695 165122
1696 165001
1697 165029
1698 164686
1699 165044
1700 165404
1701 165508
1702 165276
1703 165140
1704 166035
1705 166097
1706 165216
1707 166422
1708 165631
1709 166406
1710 166575
1711 166913
1712 166311
1713 166171
1714 167036
1715 167137
1716 166513
1717 166813
1718 167042
1719 167299
1720 167606
1721 167464
1722 167633
1723 167596
1724 167415
1725 167719
1726 167951
1727 168017
1728 167684
1729 168200
1730 168214
1731 168876
1732 168547
1733 168795
1734 168216
1735 168657
1736 169089
1737 168955
1738 169182
1739 169325
1740 169315
1741 169194
1742 169436
1743 169249
1744 169867
1745 169668
1746 169757
1747 170073
1748 169607
1749 170894
1750 170370
1751 169824
1752 170440
1753 170742
1754 170344
1755 170750
1756 171036
1757 170875
1758 171224
1759 171401
1760 171105
1761 171399
1762 170636
1763 171628
1764 171788
1765 171351
1766 172137
1767 171765
1768 171574
1769 172034
1770 172576
1771 172575
1772 172335
1773 172431
1774 172820
1775 172382
1776 173058
1777 173378
1778 172950
1779 173515
1780 174076
1781 173341
1782 173705
1783 173567
1784 173911
1785 174066
1786 173849
1787 174051
1788 174043
1789 174643
1790 174494
1791 174336
1792 174583
1793 174590
1794 174088
1795 175134
1796 175093
1797 175024
1798 174614
1799 175139
1800 175266
1801 175311
1802 175629
1803 176164
1804 175705
1805 175697
1806 176306
1807 176341
1808 176125
1809 176326
1810 176485
1811 175953
1812 176615
1813 176419
1814 176895
1815 177066
1816 176728
1817 177434
1818 177162
1819 177368
1820 177190
1821 177107
1822 177904
1823 177868
1824 177655
1825 178231
1826 177908
1827 177814
1828 178103
1829 178665
1830 178672
1831 178744
1832 178228
1833 178516
1834 179007
1835 179057
1836 179139
1837 178986
1838 178961
1839 179405
1840 179080
1841 179934
1842 179241
1843 179367
1844 179615
1845 180109
1846 180014
1847 180244
1848 179830
1849 180003
1850 180171
1851 180527
1852 180174
1853 180388
1854 180539
1855 180896
1856 181205
1857 180986
1858 181407
1859 180966
1860 181345
1861 181567
1862 181291
1863 182012
1864 181583
1865 182168
1866 182368
1867 182253
1868 181951
1869 182232
1870 182056
1871 182604
1872 182362
1873 182915
1874 182868
1875 182544
1876 182776
1877 183280
1878 183266
1879 183692
1880 183675
1881 183788
1882 183416
1883 183701
1884 183762
1885 183376
1886 183880
1887 183953
1888 184323
1889 184190
1890 184399
1891 184220
1892 185034
1893 184228
1894 184452
1895 185148
1896 185123
1897 185098
1898 185150
1899 185504
1900 185470
1901 186055
1902 185664
1903 185725
1904 186298
1905 185824
1906 186058
1907 186437
1908 186654
1909 186635
1910 186419
1911 187044
1912 186643
1913 186778
1914 186732
1915 186370
1916 186900
1917 187051
1918 187440
1919 186954
1920 187146
1921 187232
1922 187430
1923 187535
1924 188105
1925 187967
1926 187978
1927 188066
1928 187695
1929 187804
1930 188456
1931 187931
1932 188845
1933 188533
1934 188883
1935 188783
1936 188641
1937 188891
1938 188829
1939 189405
1940 189010
1941 189420
1942 189517
1943 189702
1944 189558
1945 189777
1946 190307
1947 190109
1948 190749
1949 190342
1950 190608
1951 190679
1952 190402
1953 190944
1954 190744
1955 190704
1956 191441
1957 190945
1958 191328
1959 190902
1960 191655
1961 191421
1962 191631
1963 191727
1964 191348
1965 192204
1966 191989
1967 192200
1968 191863
1969 192292
1970 192571
1971 191904
1972 192095
1973 192864
1974 193263
1975 192909
1976 192446
1977 192819
1978 193552
1979 193602
1980 193405
1981 193942
1982 193647
1983 194255
1984 193890
1985 193584
1986 194427
1987 194109
1988 194668
1989 194096
1990 194811
1991 194166
1992 194402
1993 195218
1994 194866
1995 195065
1996 195324
1997 195446
1998 195511
1999 195224
2000 195082
2001 195262
2002 196042
2003 195377
2004 195733
2005 196143
2006 195753
2007 196475
2008 196157
2009 196325
2010 196248
2011 196655
2012 196600
2013 196411
2014 196601
2015 196639
2016 196719
2017 196880
2018 197531
2019 197203
2020 197443
2021 197260
2022 197291
2023 197868
2024 197911
2025 197849
2026 198202
2027 197791
2028 198543
2029 198073
2030 198539
2031 198329
2032 198831
2033 198944
2034 198802
2035 198766
2036 199113
2037 199037
2038 199237
2039 199451
2040 199540
2041 200029
2042 200106
2043 199527
2044 200044
2045 199406
2046 200324
2047 199942
2048 199990
2049 200871
2050 200684
2051 200198
2052 200176
2053 200949
2054 201193
2055 200790
2056 201211
2057 201662
2058 200976
2059 200770
2060 201221
2061 201268
2062 201614
2063 200723
2064 202315
2065 201966
2066 202578
2067 202087
2068 201977
2069 202197
2070 202991
2071 202922
2072 202321
2073 203150
2074 203162
2075 203255
2076 203356
2077 203569
2078 203121
2079 203517
2080 203644
2081 203466
2082 203462
2083 203260
2084 203894
2085 204241
2086 204127
2087 204412
2088 204410
2089 204255
2090 204711
2091 204923
2092 204715
2093 204652
2094 205098
2095 204930
2096 205153
2097 204837
2098 205108
2099 204503
2100 205737
2101 205902
2102 205822
2103 205781
2104 205934
2105 205943
2106 206055
2107 205858
2108 206306
2109 206213
2110 206198
2111 206453
2112 207134
2113 206838
2114 206441
2115 206926
2116 207394
2117 206783
2118 207730
2119 207089
2120 207264
2121 207849
2122 207941
2123 208114
2124 208430
2125 207946
2126 208138
2127 208117
2128 208912
2129 208523
2130 208756
2131 208485
2132 208789
2133 208405
2134 208912
2135 208830
2136 208856
2137 209692
2138 209073
2139 209921
2140 209938
2141 209077
2142 209996
2143 209985
2144 209812
2145 210244
2146 210505
2147 210246
2148 210546
2149 210546
2150 210699
2151 210862
2152 210703
2153 209759
2154 210935
2155 210325
2156 211009
2157 210907
2158 211210
2159 211262
2160 211198
2161 211931
2162 211728
2163 211418
2164 211961
2165 212198
2166 212119
2167 211474
2168 212198
2169 212494
2170 212343
2171 212824
2172 212707
2173 212287
2174 213298
2175 212768
2176 212893
2177 213061
2178 213742
2179 213652
2180 213712
2181 214093
2182 213786
2183 213748
2184 213621
2185 214095
2186 213800
2187 214874
2188 214405
2189 214122
2190 214821
2191 214402
2192 215031
2193 214573
2194 214796
2195 215448
2196 215067
2197 215439
2198 215058
2199 215056
2200 215491
2201 215592
2202 215235
2203 216215
2204 215856
2205 216065
2206 215819
2207 216585
2208 216583
2209 216834
2210 216869
2211 217367
2212 216166
2213 216480
2214 217197
2215 216743
2216 217796
2217 217011
2218 217068
2219 217228
2220 217947
2221 217902
2222 217442
2223 217760
2224 217470
2225 217829
2226 218147
2227 218529
2228 217862
2229 218593
2230 218252
2231 218274
2232 219051
2233 218776
2234 219008
2235 218396
2236 219022
2237 219334
2238 219419
2239 219469
2240 220244
2241 219658
2242 219581
2243 219834
2244 219737
2245 219844
2246 220410
2247 220235
2248 219833
2249 220706
2250 220611
2251 220802
2252 220746
2253 220904
2254 221104
2255 220452
2256 220936
2257 220791
2258 221485
2259 221732
2260 221693
2261 221974
2262 222061
2263 221739
2264 222373
2265 221650
2266 222255
2267 222604
2268 221888
2269 222122
2270 222850
2271 222413
2272 222917
2273 222564
2274 223005
2275 223085
2276 223112
2277 223409
2278 222992
2279 223453
2280 223561
2281 223981
2282 223462
2283 223819
2284 224356
2285 224037
2286 223599
2287 224471
2288 224504
2289 224495
2290 224889
2291 224287
2292 224670
2293 224609
2294 224766
2295 224522
2296 225539
2297 225357
2298 225316
2299 225807
2300 225354
2301 225747
2302 225759
2303 226078
2304 226241
2305 226066
2306 226223
2307 226641
2308 226384
2309 226319
2310 225561
2311 226372
2312 226389
2313 226434
2314 226795
2315 227197
2316 227342
2317 226324
2318 227507
2319 227381
2320 227165
2321 227522
2322 227814
2323 228056
2324 227377
2325 228531
2326 228275
2327 228375
2328 228144
2329 228863
2330 228873
2331 228670
2332 229272
2333 228940
2334 229359
2335 229156
2336 229056
2337 229437
2338 229375
2339 229274
2340 229217
2341 229833
2342 229552
2343 229894
2344 230160
2345 230341
2346 230360
2347 230358
2348 230680
2349 229962
2350 230596
2351 230986
2352 231245
2353 230760
2354 231158
2355 230862
2356 230765
2357 231003
2358 231117
2359 231529
2360 231339
2361 231591
2362 231928
2363 231829
2364 231493
2365 231913
2366 232493
2367 232612
2368 232444
2369 231639
2370 232177
2371 232988
2372 233152
2373 233138
2374 232756
2375 233449
2376 232888
2377 233223
2378 233305
2379 233242
2380 233902
2381 233278
2382 233272
2383 233180
2384 233487
2385 233791
2386 233964
2387 234371
2388 234479
2389 234509
2390 234541
2391 235170
2392 234172
2393 234742
2394 234965
2395 234887
2396 235389
2397 235728
2398 235707
2399 235340
2400 235648
2401 235469
2402 235433
2403 236071
2404 236146
2405 236285
2406 236454
2407 236277
2408 236570
2409 236108
2410 236549
2411 236758
2412 236691
2413 236930
2414 237023
2415 236871
2416 236905
2417 236816
2418 236602
2419 237289
2420 237170
2421 237155
2422 237553
2423 237994
2424 238431
2425 238190
2426 237836
2427 237733
2428 238996
2429 238266
2430 238638
2431 238814
2432 239160
2433 239152
2434 239266
2435 239020
2436 238695
2437 239568
2438 239354
2439 239091
2440 239606
2441 239227
2442 239989
2443 239761
2444 240077
2445 239841
2446 240236
2447 239742
2448 240643
2449 240364
2450 240786
2451 240269
2452 240681
2453 241405
2454 241058
2455 241285
2456 240261
2457 241144
2458 241632
2459 241364
2460 241663
2461 241401
2462 241672
2463 242207
2464 242166
2465 241933
2466 242399
2467 242249
2468 242376
2469 241725
2470 242649
2471 243146
2472 242829
2473 243153
2474 242887
2475 243012
2476 243031
2477 243452
2478 242708
2479 242841
2480 243470
2481 243731
2482 243940
2483 244003
2484 243792
2485 244206
2486 244411
2487 244082
2488 244636
2489 244603
2490 244232
2491 244776
2492 244880
2493 245229
2494 245064
2495 245165
2496 244523
2497 245488
2498 245007
2499 245076
2500 245853
2501 245485
2502 246025
2503 245617
2504 245753
2505 246428
2506 246693
2507 246364
2508 246602
2509 247141
2510 246109
2511 246494
2512 246335
2513 246652
2514 246919
2515 246955
2516 247226
2517 247416
2518 246765
2519 247425
2520 247502
2521 247760
2522 247974
2523 247614
2524 248010
2525 248007
2526 248420
2527 248200
2528 248480
2529 248292
2530 248604
2531 248379
2532 248946
2533 249128
2534 248604
2535 248635
2536 249078
2537 249491
2538 249468
2539 248809
2540 249370
2541 249828
2542 249455
2543 250237
2544 250367
2545 250023
2546 250085
2547 250217
2548 250290
2549 250919
2550 250337
2551 251092
2552 250849
2553 250959
2554 250665
2555 250864
2556 251154
2557 251153
2558 251613
2559 251148
2560 251443
2561 251874
2562 251707
2563 251533
2564 252160
2565 251920
2566 252791
2567 252165
2568 252129
2569 252219
2570 252773
2571 252820
2572 252516
2573 253250
2574 253110
2575 253561
2576 253690
2577 253355
2578 253296
2579 253790
2580 253278
2581 253132
2582 253741
2583 253772
2584 254436
2585 254367
2586 254430
2587 254064
2588 254090
2589 254377
2590 254625
2591 254762
2592 254925
2593 254879
2594 254742
2595 254940
2596 255243
2597 255714
2598 254964
2599 255362
2600 255883
2601 255837
2602 255777
2603 255796
2604 256185
2605 256024
2606 256473
2607 256578
2608 256335
2609 256363
2610 256653
2611 256730
2612 256945
2613 257108
2614 257232
2615 257101
2616 257215
2617 257180
2618 257444
2619 257506
2620 257704
2621 258069
2622 257506
2623 257624
2624 258044
2625 257506
2626 258043
2627 258537
2628 258180
2629 258484
2630 258515
2631 258429
2632 258973
2633 259049
2634 259065
2635 259369
2636 259226
2637 259679
2638 259570
2639 259540
2640 259372
2641 259524
2642 260005
2643 259896
2644 260061
2645 260039
2646 259726
2647 260563
2648 260820
2649 260646
2650 260694
2651 260544
2652 261001
2653 260854
2654 260599
2655 261139
2656 261062
2657 260947
2658 261286
2659 261383
2660 261502
2661 262099
2662 261312
2663 261949
2664 262067
2665 261536
2666 262338
2667 262148
2668 262043
2669 262241
2670 262404
2671 262713
2672 262833
2673 263137
2674 262588
2675 262470
2676 262910
2677 263471
2678 263150
2679 263520
2680 263540
2681 264088
2682 263809
2683 263700
2684 264096
2685 264303
2686 263250
2687 264298
2688 264763
2689 264079
2690 264791
2691 264776
2692 264957
2693 265068
2694 264906
2695 265183
2696 265263
2697 265372
2698 265589
2699 265915
2700 265452
2701 265609
2702 266143
2703 265523
2704 266132
2705 265563
2706 266217
2707 266335
2708 266447
2709 266464
2710 266705
2711 266390
2712 266754
2713 266976
2714 267035
2715 266695
2716 267511
2717 267391
2718 267564
2719 267617
2720 267907
2721 268109
2722 267764
2723 267760
2724 268114
2725 268235
2726 268315
2727 267932
2728 268228
2729 268493
2730 268760
2731 268948
2732 268441
2733 269190
2734 268785
2735 268912
2736 269639
2737 269659
2738 269446
2739 269201
2740 269412
2741 269315
2742 269878
2743 270422
2744 269484
2745 270168
2746 269315
2747 270042
2748 269923
2749 270835
2750 270452
2751 270372
2752 270613
2753 270843
2754 270761
2755 271420
2756 271298
2757 271672
2758 271639
2759 271734
2760 271666
2761 271066
2762 271353
2763 272334
2764 272268
2765 272286
2766 272273
2767 272324
2768 271836
2769 272319
2770 272638
2771 272886
2772 273125
2773 272703
2774 273186
2775 272991
2776 272759
2777 273577
2778 273759
2779 273313
2780 273369
2781 273589
2782 273426
2783 274191
2784 273735
2785 274262
2786 274459
2787 274008
2788 274230
2789 274297
2790 274767
2791 274161
2792 275271
2793 275166
2794 274973
2795 275152
2796 275605
2797 275317
2798 275581
2799 275409
2800 275804
2801 275664
2802 275433
2803 276356
2804 276267
2805 276144
2806 276465
2807 276174
2808 276409
2809 276348
2810 276826
2811 276603
2812 276816
2813 277146
2814 277207
2815 277522
2816 276760
2817 277762
2818 277562
2819 277458
2820 277620
2821 277244
2822 278188
2823 278369
2824 278251
2825 278263
2826 278410
2827 277873
2828 278362
2829 278794
2830 278589
2831 278924
2832 278968
2833 279290
2834 279214
2835 279357
2836 279308
2837 279515
2838 279719
2839 280135
2840 279838
2841 279659
2842 279635
2843 279894
2844 279361
2845 280328
2846 280146
2847 280111
2848 279992
2849 280670
2850 280659
2851 280271
2852 280567
2853 281005
2854 280450
2855 280564
2856 281174
2857 281377
2858 281520
2859 281448
2860 281801
2861 282191
2862 281987
2863 281959
2864 282549
2865 282516
2866 281808
2867 282343
2868 282502
2869 282302
2870 282921
2871 282924
2872 282721
2873 282867
2874 283141
2875 283405
2876 283160
2877 283448
2878 283620
2879 283694
2880 283554
2881 283677
2882 283332
2883 283788
2884 284124
2885 283881
2886 284094
2887 284685
2888 284617
2889 284140
2890 284958
2891 284770
2892 285209
2893 284981
2894 284535
2895 285402
2896 284979
2897 285493
2898 285450
2899 285520
2900 285430
2901 285856
2902 286076
2903 286086
2904 286303
2905 286133
2906 286396
2907 286580
2908 286009
2909 286428
2910 286553
2911 286810
2912 287207
2913 286724
2914 287106
2915 286437
2916 287827
2917 287600
2918 287388
2919 287667
2920 287872
2921 287634
2922 287786
2923 287561
2924 288154
2925 288742
2926 288529
2927 288044
2928 288401
2929 288288
2930 288785
2931 289230
2932 288738
2933 288879
2934 289072
2935 289021
2936 288994
2937 289610
2938 289069
2939 289601
2940 289200
2941 289483
2942 289837
2943 289485
2944 290245
2945 290078
2946 290087
2947 290658
2948 290308
2949 290708
2950 290478
2951 290337
2952 290739
2953 290691
2954 290686
2955 291336
2956 290925
2957 291002
2958 291624
2959 291801
2960 291746
2961 292068
2962 291775
2963 291824
2964 292317
2965 291987
2966 292580
2967 292117
2968 291798
2969 292615
2970 292778
2971 292662
2972 292602
2973 293079
2974 293382
2975 292543
2976 293366
2977 292834
2978 294056
2979 293595
2980 293822
2981 293805
2982 294204
2983 294082
2984 293875
2985 294560
2986 294362
2987 294441
2988 294450
2989 294683
2990 295115
2991 294983
2992 295211
2993 295080
2994 295150
2995 295344
2996 295563
2997 295498
2998 296049
2999 296137
3000 295837
3001 295126
3002 296043
3003 296247
3004 296284
3005 296398
3006 296470
3007 296490
3008 296548
3009 296695
3010 296697
3011 296533
3012 297230
3013 296995
3014 297133
3015 297376
3016 296883
3017 297368
3018 297529
3019 297840
3020 297906
3021 297859
3022 298441
3023 297538
3024 297561
3025 298302
3026 298126
3027 297925
3028 298334
3029 298489
3030 298626
3031 298696
3032 298917
3033 298965
3034 298589
3035 299295
3036 299312
3037 299378
3038 299604
3039 299896
3040 299732
3041 299402
3042 299949
3043 300128
3044 299953
3045 300491
3046 300753
3047 300519
3048 300874
3049 300503
3050 300818
3051 300743
3052 301151
3053 300579
3054 301050
3055 300859
3056 300478
3057 301328
3058 301685
3059 301748
3060 301307
3061 301956
3062 301813
3063 302459
3064 301797
3065 302252
3066 302640
3067 301478
3068 302350
3069 302895
3070 303024
3071 302919
3072 302605
3073 302924
3074 303380
3075 303017
3076 302889
3077 303524
3078 302741
3079 303650
3080 303638
3081 303601
3082 303412
3083 304453
3084 304061
3085 304241
3086 304595
3087 304652
3088 304578
3089 304967
3090 304412
3091 304909
3092 304731
3093 305084
3094 305185
3095 304419
3096 305615
3097 305259
3098 305180
3099 305726
3100 306014
3101 305996
3102 306137
3103 306069
3104 306248
3105 305921
3106 306420
3107 306340
3108 306270
3109 306616
3110 306761
3111 306857
3112 306785
3113 307347
3114 306977
3115 306723
3116 307177
3117 307550
3118 307754
3119 306907
3120 307768
3121 308042
3122 307899
3123 307983
3124 308167
3125 308141
3126 307944
3127 308125
3128 308381
3129 308297
3130 308890
3131 309351
3132 308957
3133 309098
3134 309066
3135 309355
3136 308898
3137 309108
3138 309469
3139 309925
3140 309864
3141 309616
3142 309671
3143 309869
3144 310382
3145 310221
3146 310073
3147 310030
3148 310257
3149 310553
3150 310823
3151 311085
3152 311053
3153 311008
3154 310925
3155 310726
3156 311336
3157 311259
3158 311100
3159 311660
3160 311525
3161 311729
3162 311500
3163 311738
3164 312418
3165 312364
3166 312219
3167 312201
3168 312861
3169 312616
3170 312411
3171 313057
3172 312960
3173 312364
3174 312991
3175 313214
3176 313550
3177 313229
3178 313617
3179 313266
3180 313119
3181 314085
3182 314002
3183 314326
3184 313962
3185 313897
3186 314487
3187 314332
3188 314531
3189 314766
3190 314891
3191 314897
3192 314816
3193 314579
3194 315221
3195 315123
3196 315338
3197 314934
3198 315566
3199 315322
3200 315798
3201 316174
3202 315864
3203 316097
3204 316467
3205 316461
3206 316480
3207 316195
3208 316962
3209 316822
3210 316566
3211 316756
3212 317064
3213 316988
3214 317238
3215 317275
3216 317908
3217 317204
3218 316964
3219 317702
3220 317325
3221 317639
3222 317976
3223 318105
3224 318060
3225 318132
3226 317986
3227 318188
3228 318034
3229 318630
3230 319075
3231 318415
3232 318796
3233 319255
3234 319131
3235 318879
3236 319327
3237 319821
3238 319466
3239 319483
3240 319966
3241 319859
3242 319785
3243 320402
3244 320637
3245 319930
3246 320588
3247 320834
3248 320681
3249 320307
3250 320708
3251 320894
3252 320370
3253 321120
3254 321006
3255 321152
3256 321117
3257 321247
3258 321673
3259 321635
3260 321553
3261 321379
3262 321720
3263 321821
3264 322290
3265 322348
3266 322719
3267 322593
3268 322020
3269 322641
3270 322608
3271 322579
3272 322770
3273 323102
3274 323064
3275 323477
3276 323059
3277 323553
3278 323446
3279 323632
3280 323725
3281 323583
3282 323773
3283 323928
3284 324600
3285 324353
3286 323893
3287 324387
3288 324324
3289 324350
3290 324752
3291 324694
3292 324715
3293 325302
3294 325129
3295 325149
3296 325631
3297 325196
3298 325221
3299 325539
3300 325614
3301 326397
3302 325929
3303 325965
3304 326293
3305 326341
3306 326316
3307 326509
3308 326781
3309 326637
3310 326760
3311 326687
3312 327316
3313 326996
3314 326925
3315 326930
3316 327256
3317 327318
3318 327220
3319 327567
3320 327756
3321 327627
3322 327945
3323 328127
3324 328214
3325 328894
3326 327671
3327 328178
3328 328341
3329 328676
3330 328822
3331 328509
3332 328753
3333 329019
3334 328900
3335 329006
3336 329345
3337 329342
3338 329463
3339 329505
3340 329840
3341 329665
3342 329743
3343 329832
3344 329890
3345 330313
3346 329574
3347 330631
3348 330771
3349 330397
3350 330825
3351 330592
3352 330651
3353 330593
3354 331087
3355 330887
3356 331184
3357 331799
3358 331647
3359 331838
3360 331296
3361 331678
3362 331769
3363 331622
3364 332292
3365 332523
3366 332639
3367 332883
3368 332205
3369 333019
3370 332978
3371 332545
3372 333180
3373 333088
3374 332699
3375 333224
3376 333133
3377 333264
3378 333808
3379 333899
3380 333788
3381 333658
3382 333602
3383 334055
3384 334314
3385 333981
3386 334711
3387 334275
3388 334735
3389 334572
3390 334438
3391 335127
3392 335404
3393 335061
3394 335155
3395 335450
3396 335234
3397 335379
3398 335661
3399 335698
3400 335276
3401 335710
3402 335840
3403 336005
3404 336309
3405 336083
3406 336362
3407 336573
3408 337264
3409 336897
3410 337092
3411 336636
3412 337077
3413 337244
3414 337007
3415 337557
3416 337377
3417 337781
3418 337490
3419 337579
3420 337964
3421 338031
3422 337586
3423 338151
3424 337741
3425 338948
3426 338202
3427 338605
3428 338456
3429 338523
3430 338702
3431 339048
3432 339244
3433 338479
3434 339193
3435 339456
3436 339531
3437 340017
3438 339359
3439 339523
3440 340095
3441 339776
3442 339640
3443 339728
3444 340220
3445 340225
3446 340619
3447 340411
3448 340220
3449 340432
3450 340698
3451 340317
3452 341060
3453 341166
3454 341227
3455 341166
3456 341050
3457 341369
3458 341688
3459 341235
3460 341726
3461 342498
3462 342093
3463 341890
3464 341630
3465 342663
3466 342288
3467 342319
3468 342357
3469 342667
3470 342340
3471 342480
3472 343183
3473 342877
3474 343106
3475 343164
3476 343000
3477 343454
3478 343760
3479 343376
3480 343561
3481 343926
3482 344239
3483 343694
3484 344204
3485 344435
3486 344247
3487 344103
3488 344755
3489 344771
3490 344619
3491 344699
3492 344922
3493 344970
3494 344969
3495 345204
3496 345534
3497 345406
3498 345354
3499 345973
3500 346141
3501 345889
3502 346516
3503 345685
3504 346184
3505 346079
3506 346372
3507 346035
3508 346730
3509 346569
3510 346685
3511 346961
3512 346561
3513 346693
3514 347550
3515 347491
3516 347332
3517 347198
3518 347778
3519 347444
3520 347685
3521 348290
3522 347985
3523 348476
3524 347923
3525 348345
3526 348720
3527 348555
3528 348817
3529 348906
3530 349017
3531 348910
3532 349362
3533 349013
3534 348767
3535 349045
3536 349551
3537 349085
3538 349550
3539 349812
3540 349714
3541 349836
3542 349809
3543 350048
3544 350155
3545 349462
3546 350295
3547 350070
3548 350421
3549 350995
3550 350857
3551 351060
3552 350893
3553 350905
3554 351125
3555 350983
3556 351984
3557 351771
3558 351909
3559 351953
3560 351284
3561 351925
3562 351459
3563 352013
3564 351876
3565 352328
3566 352351
3567 352170
3568 352767
3569 352647
3570 352868
3571 352276
3572 352677
3573 353246
3574 353177
3575 353184
3576 353545
3577 353354
3578 353245
3579 353439
3580 353760
3581 353989
3582 353732
3583 353612
3584 353515
3585 354268
3586 354129
3587 354531
3588 354491
3589 354612
3590 354752
3591 354921
3592 354559
3593 354751
3594 355316
3595 355240
3596 355307
3597 355342
3598 355450
3599 355643
3600 355594
3601 355491
3602 356085
3603 356045
3604 356146
3605 356080
3606 356406
3607 356525
3608 357131
3609 356542
3610 357263
3611 356969
3612 357248
3613 356957
3614 357181
3615 357280
3616 356574
3617 357423
3618 357500
3619 358018
3620 357732
3621 357856
3622 358100
3623 358270
3624 358403
3625 358267
3626 357965
3627 357596
3628 358631
3629 358359
3630 358536
3631 358926
3632 358879
3633 359286
3634 359498
3635 359173
3636 359626
3637 359709
3638 359477
3639 359486
3640 359749
3641 359502
3642 360077
3643 360185
3644 360653
3645 360662
3646 360694
3647 360520
3648 360490
3649 360731
3650 360598
3651 360977
3652 360921
3653 361246
3654 361029
3655 361510
3656 361634
3657 361579
3658 361526
3659 361713
3660 361726
3661 361501
3662 362150
3663 362301
3664 362050
3665 362582
3666 362185
3667 362483
3668 362346
3669 362762
3670 362748
3671 363257
3672 362606
3673 363029
3674 363272
3675 363352
3676 363022
3677 363782
3678 363702
3679 363156
3680 363511
3681 363959
3682 363924
3683 364456
3684 364298
3685 364327
3686 364255
3687 364343
3688 364734
3689 364486
3690 364933
3691 364543
3692 364930
3693 364697
3694 365338
3695 365043
3696 364876
3697 365109
3698 365583
3699 365908
3700 366037
3701 365993
3702 365812
3703 366086
3704 366299
3705 366182
3706 366730
3707 366393
3708 366727
3709 366992
3710 366845
3711 367267
3712 366657
3713 367294
3714 366616
3715 367382
3716 367381
3717 367151
3718 367449
3719 368133
3720 367876
3721 368175
3722 367761
3723 367941
3724 368228
3725 368356
3726 368141
3727 368937
3728 368776
3729 368713
3730 368795
3731 369100
3732 368760
3733 369023
3734 369297
3735 369667
3736 369439
3737 369420
3738 369524
3739 369449
3740 369628
3741 370416
3742 369496
3743 370050
3744 369992
3745 370001
3746 370617
3747 370720
3748 370718
3749 370996
3750 370900
3751 371118
3752 371113
3753 371235
3754 371414
3755 371328
3756 371377
3757 371096
3758 371730
3759 371465
3760 371322
3761 371814
3762 372103
3763 371975
3764 372120
3765 372535
3766 372697
3767 372747
3768 372777
3769 372659
3770 372652
3771 372709
3772 373182
3773 373090
3774 372685
3775 373378
3776 373380
3777 373422
3778 373661
3779 373418
3780 373786
3781 373785
3782 373809
3783 373700
3784 374527
3785 374441
3786 374531
3787 374564
3788 374846
3789 374137
3790 374774
3791 375009
3792 374629
3793 374811
3794 375172
3795 375229
3796 375449
3797 375406
3798 375609
3799 375615
3800 375545
3801 375594
3802 376242
3803 376061
3804 376316
3805 375509
3806 376870
3807 376184
3808 375928
3809 376651
3810 376738
3811 376582
3812 376480
3813 377536
3814 377213
3815 377286
3816 377400
3817 377013
3818 377368
3819 377610
3820 377601
3821 378016
3822 378426
3823 377534
3824 377572
3825 378381
3826 378457
3827 378083
3828 378118
3829 378578
3830 379013
3831 379015
3832 378676
3833 379183
3834 378616
3835 379341
3836 379244
3837 379661
3838 379437
3839 379683
3840 379189
3841 379444
3842 380100
3843 379727
3844 380328
3845 379850
3846 380578
3847 380479
3848 380939
3849 380822
3850 380579
3851 380577
3852 381153
3853 380792
3854 381139
3855 381547
3856 381767
3857 380962
3858 381398
3859 381823
3860 381732
3861 381710
3862 381827
3863 381700
3864 382396
3865 382316
3866 382765
3867 382719
3868 382786
3869 382831
3870 383008
3871 383145
3872 383209
3873 382712
3874 383059
3875 383233
3876 383015
3877 383521
3878 383289
3879 383764
3880 383729
3881 383985
3882 384108
3883 384402
3884 384301
3885 384776
3886 384878
3887 384660
3888 384799
3889 384637
3890 385182
3891 384987
3892 384551
3893 385056
3894 384588
3895 385429
3896 385275
3897 384837
3898 385485
3899 385843
3900 385704
3901 385835
3902 385801
3903 386149
3904 386296
3905 386277
3906 385861
3907 386842
3908 386583
3909 386716
3910 386584
3911 386310
3912 387018
3913 387270
3914 386835
3915 387523
3916 387263
3917 387121
3918 387401
3919 387844
3920 388165
3921 387738
3922 388691
3923 387746
3924 388176
3925 388072
3926 388846
3927 388980
3928 388672
3929 388809
3930 388916
3931 389246
3932 389283
3933 388781
3934 388815
3935 389888
3936 389489
3937 389386
3938 389036
3939 389584
3940 390226
3941 390352
3942 390069
3943 389840
3944 390333
3945 390144
3946 390338
3947 390502
3948 390674
3949 390424
3950 390710
3951 390403
3952 391383
3953 391406
3954 390985
3955 391018
3956 391637
3957 391772
3958 391607
3959 391822
3960 391925
3961 392059
3962 392034
3963 392179
3964 391918
3965 391775
3966 391919
3967 392601
3968 392590
3969 392719
3970 392727
3971 393081
3972 393405
3973 393328
3974 393098
3975 393318
3976 393429
3977 393659
3978 393693
3979 393746
3980 393853
3981 394268
3982 394299
3983 394250
3984 394217
3985 394123
3986 394404
3987 393745
3988 394951
3989 394871
3990 394748
3991 394920
3992 394577
3993 395143
3994 394632
3995 395183
3996 395363
3997 395690
3998 395694
3999 395285
4000 395716
4001 396181
4002 395559
4003 396256
4004 395673
4005 396693
4006 395932
4007 396482
4008 396727
4009 396387
4010 396769
4011 396928
4012 397398
4013 397195
4014 397618
4015 397271
4016 397462
4017 397270
4018 397414
4019 397751
4020 397867
4021 397360
4022 397850
4023 397912
4024 398373
4025 397939
4026 398556
4027 398146
4028 398149
4029 398698
4030 398470
4031 398839
4032 398638
4033 399057
4034 399033
4035 399317
4036 399518
4037 399822
4038 399378
4039 399265
4040 399704
4041 399492
4042 399843
4043 399867
4044 400410
4045 400511
4046 400098
4047 400238
4048 400918
4049 400569
4050 400730
4051 400885
4052 400744
4053 401424
4054 401248
4055 401493
4056 401389
4057 401390
4058 401596
4059 401732
4060 401398
4061 401949
4062 401503
4063 402130
4064 402650
4065 402081
4066 402534
4067 402176
4068 403005
4069 402826
4070 402909
4071 402821
4072 403380
4073 403295
4074 403325
4075 402923
4076 403263
4077 403571
4078 403616
4079 404231
4080 403949
4081 404001
4082 404238
4083 404141
4084 404211
4085 403984
4086 404213
4087 404431
4088 404522
4089 404507
4090 404825
4091 404223
4092 404887
4093 405251
4094 405435
4095 405506
4096 405156
4097 404916
4098 405712
4099 405880
4100 406054
4101 405800
4102 406184
4103 405973
4104 406031
4105 405932
4106 406478
4107 406585
4108 406665
4109 406624
4110 406264
4111 406578
4112 406445
4113 407478
4114 406759
4115 407300
4116 407622
4117 407119
4118 407154
4119 407423
4120 407612
4121 408294
4122 407873
4123 408065
4124 408495
4125 408398
4126 408685
4127 408480
4128 408496
4129 408800
4130 408778
4131 408585
4132 408697
4133 408965
4134 409243
4135 409857
4136 409890
4137 409681
4138 409956
4139 409175
4140 409680
4141 410044
4142 410271
4143 410587
4144 410061
4145 410676
4146 410355
4147 410135
4148 410350
4149 410763
4150 410597
4151 410572
4152 410799
4153 411451
4154 411075
4155 411052
4156 411505
4157 411253
4158 411674
4159 412057
4160 411378
4161 412040
4162 411568
4163 412152
4164 412346
4165 411934
4166 412218
4167 412698
4168 411838
4169 412685
4170 412411
4171 412827
4172 413297
4173 412832
4174 412861
4175 413368
4176 413159
4177 413507
4178 413704
4179 413783
4180 413851
4181 413560
4182 413882
4183 414439
4184 414298
4185 414026
4186 414760
4187 414395
4188 414371
4189 414547
4190 414741
4191 414760
4192 415009
4193 415149
4194 414984
4195 415658
4196 415593
4197 415698
4198 415559
4199 415766
4200 415352
4201 416407
4202 415800
4203 416199
4204 416266
4205 416971
4206 416466
4207 416649
4208 416404
4209 416481
4210 416689
4211 416988
4212 417174
4213 416864
4214 416930
4215 417400
4216 417439
4217 417789
4218 417905
4219 417923
4220 418223
4221 418262
4222 418009
4223 417940
4224 417822
4225 418735
4226 418072
4227 418033
4228 418728
4229 418890
4230 418493
4231 419062
4232 419035
4233 418387
4234 419334
4235 419171
4236 419180
4237 419265
4238 419515
4239 419979
4240 419528
4241 420062
4242 419782
4243 420189
4244 419902
4245 420690
4246 420232
4247 420750
4248 420530
4249 420827
4250 420532
4251 420890
4252 420798
4253 420897
4254 420755
4255 421749
4256 421663
4257 421756
4258 421453
4259 421751
4260 421641
4261 422432
4262 421982
4263 422190
4264 421611
4265 421972
4266 422262
4267 422211
4268 422271
4269 422531
4270 422072
4271 423162
4272 422604
4273 423271
4274 423413
4275 423761
4276 423508
4277 423563
4278 423452
4279 423972
4280 423876
4281 424020
4282 423960
4283 423987
4284 424275
4285 424153
4286 424597
4287 424362
4288 424416
4289 424708
4290 424381
4291 424884
4292 425114
4293 424668
4294 425086
4295 425096
4296 425171
4297 425659
4298 425484
4299 425802
4300 425890
4301 426136
4302 426757
4303 426313
4304 425873
4305 426148
4306 426647
4307 426254
4308 426661
4309 426723
4310 427076
4311 426752
4312 427180
4313 427428
4314 427036
4315 427373
4316 427565
4317 427406
4318 427378
4319 427721
4320 428005
4321 427500
4322 428003
4323 428180
4324 428001
4325 428722
4326 428703
4327 428542
4328 428677
4329 428844
4330 428754
4331 428405
4332 428907
4333 428862
4334 429118
4335 429667
4336 429217
4337 429187
4338 429230
4339 429528
4340 429965
4341 430180
4342 430083
4343 430220
4344 429774
4345 430613
4346 430134
4347 430322
4348 430559
4349 430698
4350 430726
4351 430832
4352 430828
4353 431152
4354 431266
4355 430942
4356 431438
4357 431680
4358 432117
4359 431984
4360 431901
4361 431729
4362 431928
4363 432310
4364 432578
4365 432105
4366 432361
4367 432539
4368 432551
4369 432701
4370 432652
4371 433026
4372 433228
4373 433153
4374 432902
4375 433222
4376 433517
4377 433178
4378 433581
4379 434250
4380 433857
4381 433929
4382 433675
4383 434195
4384 434303
4385 434057
4386 434626
4387 434608
4388 434515
4389 434510
4390 435100
4391 435036
4392 434913
4393 435023
4394 435753
4395 435338
4396 435860
4397 435492
4398 435526
4399 436046
4400 435577
4401 435583
4402 435957
4403 436114
4404 436069
4405 436237
4406 436840
4407 436688
4408 436452
4409 436707
4410 437234
4411 437079
4412 437097
4413 437371
4414 437119
4415 437208
4416 437774
4417 437355
4418 437832
4419 437459
4420 437322
4421 437984
4422 438079
4423 438186
4424 438292
4425 438056
4426 438088
4427 438047
4428 439166
4429 438872
4430 439035
4431 439649
4432 438865
4433 438942
4434 439143
4435 439633
4436 439268
4437 439597
4438 439429
4439 439470
4440 440030
4441 439254
4442 439835
4443 440015
4444 440401
4445 440663
4446 440527
4447 440486
4448 440071
4449 441144
4450 440730
4451 441384
4452 441188
4453 440759
4454 441217
4455 441165
4456 441259
4457 441581
4458 441737
4459 441556
4460 441801
4461 441954
4462 442072
4463 441922
4464 442393
4465 442447
4466 442152
4467 442810
4468 442454
4469 442562
4470 442960
4471 442370
4472 443134
4473 443287
4474 443154
4475 443430
4476 443561
4477 443657
4478 443591
4479 443731
4480 443992
4481 444197
4482 443954
4483 444486
4484 444206
4485 444408
4486 444269
4487 444200
4488 444222
4489 444969
4490 445028
4491 444668
4492 444914
4493 445125
4494 444645
4495 445441
4496 445945
4497 445169
4498 445551
4499 445665
4500 445836
4501 445818
4502 446452
4503 446124
4504 445982
4505 445978
4506 446480
4507 446600
4508 446765
4509 447071
4510 446600
4511 446346
4512 446787
4513 447225
4514 447307
4515 446976
4516 447684
4517 447007
4518 447451
4519 448106
4520 448245
4521 447823
4522 447590
4523 447794
4524 447951
4525 448421
4526 447996
4527 448581
4528 448700
4529 448423
4530 449102
4531 449328
4532 449139
4533 449364
4534 449499
4535 449317
4536 448948
4537 449553
4538 449729
4539 449863
4540 449977
4541 449500
4542 450408
4543 450196
4544 449810
4545 450304
4546 450577
4547 450904
4548 450515
4549 451263
4550 450650
4551 450863
4552 451233
4553 451218
4554 451345
4555 451426
4556 451362
4557 451591
4558 451754
4559 451987
4560 451398
4561 451813
4562 452092
4563 452282
4564 452168
4565 452236
4566 452279
4567 452920
4568 452872
4569 452555
4570 452604
4571 453038
4572 453188
4573 452710
4574 452811
4575 453067
4576 453105
4577 453508
4578 453777
4579 454428
4580 454017
4581 453796
4582 453929
4583 454272
4584 454256
4585 454022
4586 453959
4587 454328
4588 455059
4589 454233
4590 454711
4591 455184
4592 454901
4593 455114
4594 454622
4595 455389
4596 455679
4597 455686
4598 455592
4599 455815
4600 455813
4601 456196
4602 455604
4603 456289
4604 456314
4605 456169
4606 456856
4607 456682
4608 457042
4609 456769
4610 456645
4611 456936
4612 457068
4613 456876
4614 457332
4615 457497
4616 457552
4617 457288
4618 457607
4619 457851
4620 458077
4621 457487
4622 457964
4623 458071
4624 458415
4625 458765
4626 458404
4627 458319
4628 458887
4629 458426
4630 458899
4631 458344
4632 459345
4633 459360
4634 459018
4635 459302
4636 459245
4637 459267
4638 459826
4639 459667
4640 459953
4641 459907
4642 460125
4643 459382
4644 460365
4645 460538
4646 460425
4647 460651
4648 460882
4649 460938
4650 460569
4651 460402
4652 460550
4653 461074
4654 461463
4655 461313
4656 461249
4657 461046
4658 461352
4659 461719
4660 461726
4661 461561
4662 462118
4663 462403
4664 461861
4665 462478
4666 462227
4667 462829
4668 462792
4669 462460
4670 463097
4671 462924
4672 463423
4673 463240
4674 463424
4675 463238
4676 463057
4677 463538
4678 463543
4679 463563
4680 463351
4681 463655
4682 464211
4683 463890
4684 464279
4685 464617
4686 464594
4687 464442
4688 464512
4689 464110
4690 464622
4691 464415
4692 465050
4693 465130
4694 465127
4695 465284
4696 465333
4697 465483
4698 465933
4699 465833
4700 465688
4701 465948
4702 466304
4703 466141
4704 466123
4705 466150
4706 466159
4707 466407
4708 466731
4709 466231
4710 466714
4711 467050
4712 467077
4713 466709
4714 467043
4715 467234
4716 467329
4717 466657
4718 467641
4719 467453
4720 468073
4721 467901
4722 467898
4723 468613
4724 467988
4725 468543
4726 468552
4727 468663
4728 468259
4729 468543
4730 469106
4731 468710
4732 468803
4733 469049
4734 468927
4735 469542
4736 469556
4737 469801
4738 470224
4739 469483
4740 469924
4741 469642
4742 470072
4743 470397
4744 470587
4745 469975
4746 470463
4747 470585
4748 470902
4749 471169
4750 471351
4751 470946
4752 471253
4753 470995
4754 470999
4755 471454
4756 471586
4757 472046
4758 471530
4759 471690
4760 471641
4761 472108
4762 471938
4763 472208
4764 472821
4765 472479
4766 472286
4767 472794
4768 472680
4769 472843
4770 473005
4771 472898
4772 473378
4773 472918
4774 472731
4775 473276
4776 473390
4777 473866
4778 473887
4779 474028
4780 474174
4781 473917
4782 473870
4783 474245
4784 473992
4785 474043
4786 474670
4787 474662
4788 474329
4789 474508
4790 475005
4791 475007
4792 475253
4793 475293
4794 474787
4795 475528
4796 475087
4797 475609
4798 475975
4799 475665
4800 476132
4801 475571
4802 476333
4803 476034
4804 475762
4805 476229
4806 476274
4807 476503
4808 476684
4809 476906
4810 477298
4811 476904
4812 476830
4813 477140
4814 477317
4815 477178
4816 477415
4817 477462
4818 477569
4819 477827
4820 477974
4821 477864
4822 477755
4823 477923
4824 478468
4825 478066
4826 478397
4827 478213
4828 478076
4829 479060
4830 478743
4831 478728
4832 478822
4833 479133
4834 479520
4835 479049
4836 479152
4837 479525
4838 479495
4839 479642
4840 479771
4841 479604
4842 480142
4843 480422
4844 479940
4845 480136
4846 480348
4847 480694
4848 480802
4849 480704
4850 481099
4851 481409
4852 481428
4853 480532
4854 481502
4855 481132
4856 481627
4857 481882
4858 481841
4859 481559
4860 481846
4861 481752
4862 482056
4863 481775
4864 482452
4865 482065
4866 482164
4867 482527
4868 482450
4869 482803
4870 483240
4871 482777
4872 482665
4873 483403
4874 482835
4875 483024
4876 483392
4877 483620
4878 483919
4879 483711
4880 484280
4881 483952
4882 484037
4883 483928
4884 484396
4885 484166
4886 484463
4887 484291
4888 484773
4889 484184
4890 484801
4891 485508
4892 484698
4893 485291
4894 485169
4895 485686
4896 485779
4897 485715
4898 485871
4899 485684
4900 485797
4901 486182
4902 486411
4903 485837
4904 486516
4905 486693
4906 486724
4907 486199
4908 486275
4909 487152
4910 486907
4911 486780
4912 487295
4913 487196
4914 487081
4915 487531
4916 487430
4917 487331
4918 487256
4919 487910
4920 487833
4921 487210
4922 488463
4923 487980
4924 487983
4925 487880
4926 488931
4927 488567
4928 489062
4929 488374
4930 488775
4931 489236
4932 488958
4933 488871
4934 489126
4935 489490
4936 489108
4937 489301
4938 489723
4939 489766
4940 489720
4941 489850
4942 489661
4943 490325
4944 490158
4945 490418
4946 489913
4947 490345
4948 490872
4949 490919
4950 490830
4951 490679
4952 491088
4953 490723
4954 491282
4955 491473
4956 491248
4957 491901
4958 491532
4959 492039
4960 491939
4961 491881
4962 492053
4963 492246
4964 492272
4965 492196
4966 491891
4967 492343
4968 492452
4969 493098
4970 493088
4971 492727
4972 493222
4973 493129
4974 493034
4975 493421
4976 493780
4977 493811
4978 493336
4979 493768
4980 493786
4981 493525
4982 493794
4983 493811
4984 494131
4985 494275
4986 494129
4987 494237
4988 494364
4989 494489
4990 494534
4991 495293
4992 495039
4993 495192
4994 495388
4995 495047
4996 495453
4997 495509
4998 495345
4999 495939
5000 496394
5001 496444
5002 495517
5003 496547
5004 495651
5005 496709
5006 496378
5007 496094
5008 496823
5009 496746
5010 497145
5011 497059
5012 496757
5013 497376
5014 497180
5015 497606
5016 497312
5017 497376
5018 498069
5019 498152
5020 497680
5021 498119
5022 498002
5023 497832
5024 497893
5025 498038
5026 498026
5027 498619
5028 498471
5029 498641
5030 498869
5031 498971
5032 499148
5033 499398
5034 498849
5035 499020
5036 499642
5037 499030
5038 499767
5039 499703
5040 499368
5041 499795
5042 499883
5043 499932
5044 500233
5045 500533
5046 500309
5047 500339
5048 500578
5049 500516
5050 500093
5051 501018
5052 501587
5053 500876
5054 500882
5055 501187
5056 501667
5057 501400
5058 501533
5059 501626
5060 501828
5061 501360
5062 502033
5063 502082
5064 502259
5065 502578
5066 502680
5067 502772
5068 502864
5069 503017
5070 503033
5071 503362
5072 503257
5073 503303
5074 503696
5075 503060
5076 503256
5077 503501
5078 503673
5079 503588
5080 503989
5081 503833
5082 504186
5083 504295
5084 504362
5085 504042
5086 504610
5087 504832
5088 504390
5089 504415
5090 505053
5091 504574
5092 504919
5093 505139
5094 505555
5095 505374
5096 505901
5097 505558
5098 505944
5099 505667
5100 506091
5101 506132
5102 505861
5103 506224
5104 505879
5105 505895
5106 506693
5107 506627
5108 506819
5109 506705
5110 506793
5111 507037
5112 507014
5113 507142
5114 507122
5115 507316
5116 507495
5117 507344
5118 507295
5119 508097
5120 507556
5121 508019
5122 507599
5123 508059
5124 508366
5125 508351
5126 508242
5127 508403
5128 508714
5129 508499
5130 508728
5131 508932
5132 509181
5133 509602
5134 509408
5135 509221
5136 509585
5137 509596
5138 509933
5139 510051
5140 509485
5141 510098
5142 509541
5143 509953
5144 509789
5145 509680
5146 510271
5147 510584
5148 510649
5149 510710
5150 510556
5151 510849
5152 511209
5153 511507
5154 511272
5155 511376
5156 511385
5157 511141
5158 511417
5159 512203
5160 512027
5161 511889
5162 511949
5163 511741
5164 512500
5165 512427
5166 512457
5167 512464
5168 512933
5169 512260
5170 512630
5171 512932
5172 512820
5173 512913
5174 512996
5175 512974
5176 513521
5177 513594
5178 513490
5179 514010
5180 513899
5181 514018
5182 514018
5183 513987
5184 514730
5185 514902
5186 514717
5187 514411
5188 514700
5189 514396
5190 515087
5191 514693
5192 514751
5193 515251
5194 515186
5195 515340
5196 515586
5197 515806
5198 515782
5199 515340
5200 516050
5201 515977
5202 515600
5203 515887
5204 516224
5205 516263
5206 516599
5207 515728
5208 516455
5209 517104
5210 516879
5211 516941
5212 516836
5213 517337
5214 517283
5215 517343
5216 517336
5217 517795
5218 517550
5219 517800
5220 517799
5221 518008
5222 517823
5223 517928
5224 517815
5225 518232
5226 518575
5227 518461
5228 518936
5229 518771
5230 518957
5231 519298
5232 519038
5233 518882
5234 519139
5235 519271
5236 519763
5237 519492
5238 519665
5239 519387
5240 519715
5241 520202
5242 520059
5243 520035
5244 520387
5245 520397
5246 520725
5247 520783
5248 520329
5249 520944
5250 521320
5251 521160
5252 520910
5253 520744
5254 521594
5255 521573
5256 521373
5257 521079
5258 521236
5259 521682
5260 521334
5261 521764
5262 522546
5263 521461
5264 522386
5265 522101
5266 522383
5267 522012
5268 522474
5269 522621
5270 522761
5271 523048
5272 522824
5273 522879
5274 523294
5275 523274
5276 523574
5277 523369
5278 523941
5279 523634
5280 523666
5281 523928
5282 523742
5283 524203
5284 524525
5285 524810
5286 524550
5287 524484
5288 524505
5289 524803
5290 524918
5291 524646
5292 525093
5293 525211
5294 524984
5295 525046
5296 525610
5297 525657
5298 525985
5299 525222
5300 525946
5301 525512
5302 525659
5303 525882
5304 526170
5305 526495
5306 526478
5307 526779
5308 527097
5309 526566
5310 526594
5311 526571
5312 527093
5313 527264
5314 527548
5315 527550
5316 527410
5317 527739
5318 527705
5319 527462
5320 527771
5321 528075
5322 528332
5323 528074
5324 527865
5325 528095
5326 528462
5327 529036
5328 528700
5329 528746
5330 529133
5331 528926
5332 529205
5333 528949
5334 529621
5335 529484
5336 529449
5337 529401
5338 529485
5339 529965
5340 529614
5341 529986
5342 529951
5343 530207
5344 529791
5345 530908
5346 530757
5347 530108
5348 530463
5349 530328
5350 530986
5351 531313
5352 531218
5353 531245
5354 531231
5355 531550
5356 531076
5357 531699
5358 531501
5359 532019
5360 531352
5361 532185
5362 531882
5363 532081
5364 532549
5365 531792
5366 532571
5367 532772
5368 532820
5369 532761
5370 533018
5371 532862
5372 532827
5373 533364
5374 532720
5375 533783
5376 533476
5377 533844
5378 534099
5379 533646
5380 534170
5381 533915
5382 533566
5383 534300
5384 534016
5385 534186
5386 534688
5387 534956
5388 534842
5389 534827
5390 535135
5391 534942
5392 535356
5393 535271
5394 535266
5395 535309
5396 535385
5397 535606
5398 535577
5399 535031
5400 536292
5401 536225
5402 535728
5403 536162
5404 536370
5405 536124
5406 536510
5407 536585
5408 536513
5409 536922
5410 536504
5411 536965
5412 536896
5413 537140
5414 536993
5415 537342
5416 537837
5417 537461
5418 537376
5419 537523
5420 537275
5421 537852
5422 538123
5423 538462
5424 538125
5425 538161
5426 538449
5427 538382
5428 538401
5429 538422
5430 538936
5431 539156
5432 538895
5433 539833
5434 539579
5435 539210
5436 539428
5437 539695
5438 539726
5439 539216
5440 539824
5441 539738
5442 539726
5443 540589
5444 540634
5445 540292
5446 540295
5447 540527
5448 540746
5449 540455
5450 541162
5451 540980
5452 541098
5453 540548
5454 540983
5455 541644
5456 541474
5457 541391
5458 542236
5459 541711
5460 542054
5461 541496
5462 541888
5463 542071
5464 542284
5465 542379
5466 542447
5467 542448
5468 542637
5469 543073
5470 543024
5471 543065
5472 542924
5473 542889
5474 543386
5475 543516
5476 543901
5477 543494
5478 543435
5479 544078
5480 543828
5481 544513
5482 544119
5483 544163
5484 544453
5485 544273
5486 544525
5487 544196
5488 544662
5489 544439
5490 544749
5491 545078
5492 545588
5493 545125
5494 545242
5495 545394
5496 545360
5497 545861
5498 545821
5499 545735
5500 545619
5501 545682
5502 546170
5503 546330
5504 546116
5505 546390
5506 546605
5507 546721
5508 546929
5509 546466
5510 546881
5511 546812
5512 547470
5513 547321
5514 547230
5515 547486
5516 547413
5517 547613
5518 547879
5519 547727
5520 548251
5521 547414
5522 548575
5523 548011
5524 547955
5525 548142
5526 548368
5527 548167
5528 548819
5529 548830
5530 548993
5531 549260
5532 548758
5533 549030
5534 549070
5535 549032
5536 549502
5537 549597
5538 549702
5539 549861
5540 550069
5541 549765
5542 549532
5543 550442
5544 550675
5545 550317
5546 550499
5547 550702
5548 550899
5549 551285
5550 550999
5551 551117
5552 550558
5553 551340
5554 551158
5555 551486
5556 551298
5557 551801
5558 551928
5559 551825
5560 552265
5561 552045
5562 552382
5563 551926
5564 552225
5565 552280
5566 552234
5567 552573
5568 552778
5569 552528
5570 552928
5571 553545
5572 553298
5573 552924
5574 553214
5575 553624
5576 553822
5577 553500
5578 553387
5579 553755
5580 554032
5581 553592
5582 553988
5583 554432
5584 554095
5585 554026
5586 554377
5587 554470
5588 554602
5589 554837
5590 555267
5591 554948
5592 555083
5593 554586
5594 555330
5595 555524
5596 555247
5597 555797
5598 554951
5599 555758
5600 555485
5601 556412
5602 555913
5603 555854
5604 555959
5605 555874
5606 556450
5607 556758
5608 556909
5609 556642
5610 557114
5611 556781
5612 556852
5613 557333
5614 557102
5615 557287
5616 557479
5617 557665
5618 557433
5619 558307
5620 557723
5621 558414
5622 558225
5623 558052
5624 558382
5625 558562
5626 557743
5627 558364
5628 558804
5629 559086
5630 559164
5631 559141
5632 559061
5633 559246
5634 559443
5635 559292
5636 559543
5637 559302
5638 559686
5639 559400
5640 559826
5641 559852
5642 560152
5643 560061
5644 560261
5645 560103
5646 559947
5647 560577
5648 560354
5649 560788
5650 561126
5651 560934
5652 560875
5653 561444
5654 561310
5655 561432
5656 561273
5657 561470
5658 561512
5659 561683
5660 562276
5661 562106
5662 562356
5663 561696
5664 562526
5665 562325
5666 562545
5667 562505
5668 562673
5669 562389
5670 562738
5671 563161
5672 563192
5673 563164
5674 563096
5675 563151
5676 563575
5677 563614
5678 563497
5679 563965
5680 563570
5681 563836
5682 564011
5683 564542
5684 564422
5685 564396
5686 564696
5687 564083
5688 564641
5689 564734
5690 565233
5691 565390
5692 564869
5693 564839
5694 565234
5695 565214
5696 565465
5697 565750
5698 565704
5699 566025
5700 565697
5701 566048
5702 565758
5703 565682
5704 566220
5705 566171
5706 566282
5707 566214
5708 566501
5709 566716
5710 566686
5711 566658
5712 567120
5713 567612
5714 567276
5715 567190
5716 567921
5717 567437
5718 567604
5719 567877
5720 567882
5721 567984
5722 567955
5723 567978
5724 567804
5725 568903
5726 568467
5727 568061
5728 568587
5729 568867
5730 568487
5731 569306
5732 568829
5733 569030
5734 569551
5735 569512
5736 569172
5737 569431
5738 569661
5739 569899
5740 570250
5741 569744
5742 570379
5743 570527
5744 570359
5745 570697
5746 570751
5747 570806
5748 570614
5749 570698
5750 570731
5751 571533
5752 571050
5753 570518
5754 571593
5755 571151
5756 571221
5757 571301
5758 571603
5759 571190
5760 572300
5761 572067
5762 572205
5763 572306
5764 572058
5765 572362
5766 572752
5767 572216
5768 572314
5769 572593
5770 572966
5771 572770
5772 573336
5773 573380
5774 573685
5775 573566
5776 573581
5777 573614
5778 574103
5779 574021
5780 573869
5781 574212
5782 574312
5783 574153
5784 574578
5785 574907
5786 574442
5787 574726
5788 575019
5789 575003
5790 575181
5791 574735
5792 574942
5793 574958
5794 575381
5795 575327
5796 575152
5797 575515
5798 575803
5799 575577
5800 576188
5801 575991
5802 575982
5803 576430
5804 576189
5805 576396
5806 576289
5807 577076
5808 576752
5809 576494
5810 576996
5811 577049
5812 577053
5813 577191
5814 577773
5815 577336
5816 577532
5817 577326
5818 577440
5819 578082
5820 577962
5821 578049
5822 578102
5823 578322
5824 578253
5825 578714
5826 578860
5827 578855
5828 578407
5829 578664
5830 579423
5831 578873
5832 579258
5833 579037
5834 579517
5835 579415
5836 579124
5837 579703
5838 579875
5839 580006
5840 580173
5841 579696
5842 580603
5843 579853
5844 580468
5845 579772
5846 580519
5847 580481
5848 580969
5849 580503
5850 581032
5851 580880
5852 581375
5853 581126
5854 581111
5855 581168
5856 581725
5857 581440
5858 581945
5859 581784
5860 582333
5861 582012
5862 582418
5863 582129
5864 582036
5865 582661
5866 581941
5867 582446
5868 582531
5869 582670
5870 582926
5871 582623
5872 582520
5873 582931
5874 583373
5875 583593
5876 583604
5877 583682
5878 583506
5879 583652
5880 583962
5881 584018
5882 583588
5883 584011
5884 583837
5885 584622
5886 584366
5887 584601
5888 584279
5889 585194
5890 584375
5891 585114
5892 585292
5893 585559
5894 585776
5895 585332
5896 585679
5897 585819
5898 585729
5899 585429
5900 586092
5901 586038
5902 585956
5903 586493
5904 586370
5905 586230
5906 586441
5907 586512
5908 586671
5909 586480
5910 586879
5911 586674
5912 586915
5913 586722
5914 587037
5915 587345
5916 587716
5917 587537
5918 587763
5919 587832
5920 588114
5921 588186
5922 587779
5923 588407
5924 588809
5925 588230
5926 588493
5927 589060
5928 588265
5929 588747
5930 589197
5931 589062
5932 589114
5933 589478
5934 589479
5935 589129
5936 589825
5937 589263
5938 589689
5939 589655
5940 590107
5941 590377
5942 590037
5943 590521
5944 590283
5945 590526
5946 590490
5947 590607
5948 590902
5949 591189
5950 590869
5951 591001
5952 590640
5953 591369
5954 591153
5955 591272
5956 591330
5957 591809
5958 591552
5959 591716
5960 592028
5961 592023
5962 591571
5963 592113
5964 592054
5965 592439
5966 592299
5967 592836
5968 592666
5969 592938
5970 592742
5971 593018
5972 592728
5973 592865
5974 593648
5975 593757
5976 593389
5977 593221
5978 593823
5979 593844
5980 593763
5981 594068
5982 594234
5983 593839
5984 594397
5985 594238
5986 594372
5987 594798
5988 594374
5989 594737
5990 595194
5991 594849
5992 595051
5993 595297
5994 595009
5995 595220
5996 595892
5997 595476
5998 595317
5999 595638
6000 595695
6001 595525
6002 596112
6003 595587
6004 596542
6005 596436
6006 596669
6007 596989
6008 597009
6009 596722
6010 597218
6011 597178
6012 596784
6013 597672
6014 596718
6015 597281
6016 597558
6017 597428
6018 597166
6019 597773
6020 598116
6021 597813
6022 597933
6023 598280
6024 598655
6025 598600
6026 597942
6027 598752
6028 598541
6029 599003
6030 598626
6031 598582
6032 599064
6033 599252
6034 599599
6035 598937
6036 599787
6037 599275
6038 599835
6039 599528
6040 599540
6041 600209
6042 600333
6043 600358
6044 600420
6045 599832
6046 600025
6047 600472
6048 600737
6049 600728
6050 601061
6051 600982
6052 601119
6053 601240
6054 601131
6055 601637
6056 601275
6057 601595
6058 602006
6059 602205
6060 601556
6061 602222
6062 601930
6063 602453
6064 602056
6065 602550
6066 602414
6067 602265
6068 602707
6069 602565
6070 602725
6071 602765
6072 602646
6073 602844
6074 603445
6075 603645
6076 603599
6077 603839
6078 603239
6079 603654
6080 603775
6081 604091
6082 603339
6083 604391
6084 603951
6085 604410
6086 604800
6087 604600
6088 604412
6089 604835
6090 604664
6091 604945
6092 604291
6093 605178
6094 605477
6095 605562
6096 605627
6097 605274
6098 605913
6099 605945
6100 606028
6101 605787
6102 606058
6103 606210
6104 606682
6105 606145
6106 606495
6107 606463
6108 606685
6109 606818
6110 607216
6111 606939
6112 606992
6113 607444
6114 607225
6115 607338
6116 607012
6117 607971
6118 607720
6119 608075
6120 607739
6121 607829
6122 608511
6123 608329
6124 608315
6125 608026
6126 608952
6127 608405
6128 608564
6129 608720
6130 608226
6131 608826
6132 608751
6133 609580
6134 609323
6135 608816
6136 609502
6137 609622
6138 609519
6139 609787
6140 609869
6141 609925
6142 610158
6143 609865
6144 610154
6145 610185
6146 610113
6147 610726
6148 610416
6149 610353
6150 611204
6151 610746
6152 610751
6153 611111
6154 611635
6155 610774
6156 611366
6157 611952
6158 611865
6159 611871
6160 611928
6161 612004
6162 611385
6163 612680
6164 612070
6165 612641
6166 612632
6167 612717
6168 612692
6169 612649
6170 612948
6171 613118
6172 613032
6173 613225
6174 613329
6175 613236
6176 613486
6177 613927
6178 613702
6179 613460
6180 613957
6181 613730
6182 613881
6183 613887
6184 614174
6185 614053
6186 614757
6187 614261
6188 614621
6189 614680
6190 614746
6191 615542
6192 615360
6193 614982
6194 615168
6195 615839
6196 615299
6197 615354
6198 615980
6199 615620
6200 615975
6201 615751
6202 616170
6203 616071
6204 616328
6205 616489
6206 616566
6207 616795
6208 616804
6209 616045
6210 617208
6211 617265
6212 617517
6213 617027
6214 617353
6215 617072
6216 617110
6217 617035
6218 617709
6219 617641
6220 617566
6221 618487
6222 618260
6223 618330
6224 618427
6225 618681
6226 618095
6227 618021
6228 618608
6229 618668
6230 619174
6231 618483
6232 619160
6233 618663
6234 619011
6235 619494
6236 619874
6237 619052
6238 619708
6239 619924
6240 620014
6241 619738
6242 619738
6243 619778
6244 620011
6245 620525
6246 620511
6247 620417
6248 620714
6249 620564
6250 620771
6251 621292
6252 621435
6253 621150
6254 620746
6255 621358
6256 621283
6257 621577
6258 621446
6259 621936
6260 621255
6261 621953
6262 621932
6263 622085
6264 622111
6265 622143
6266 622009
6267 622998
6268 622717
6269 622785
6270 622463
6271 623247
6272 622533
6273 623002
6274 623139
6275 623655
6276 623919
6277 623424
6278 623616
6279 624351
6280 623518
6281 623698
6282 624346
6283 624358
6284 624116
6285 624516
6286 624290
6287 624646
6288 624484
6289 624289
6290 624960
6291 625215
6292 625474
6293 625164
6294 624940
6295 625194
6296 625598
6297 625770
6298 625589
6299 625834
6300 625446
6301 625965
6302 626242
6303 626387
6304 626371
6305 626836
6306 626592
6307 626935
6308 626955
6309 627143
6310 626926
6311 626788
6312 626957
6313 626970
6314 627009
6315 627706
6316 627185
6317 627601
6318 627248
6319 627854
6320 627779
6321 628080
6322 628319
6323 628052
6324 628141
6325 628192
6326 628490
6327 628894
6328 629016
6329 628354
6330 629018
6331 628891
6332 629325
6333 628623
6334 629402
6335 629372
6336 629332
6337 629805
6338 629571
6339 629351
6340 630170
6341 629836
6342 630104
6343 629649
6344 630382
6345 630208
6346 630558
6347 630454
6348 630568
6349 630786
6350 630704
6351 631174
6352 631185
6353 630818
6354 631508
6355 630775
6356 631675
6357 631669
6358 631972
6359 631319
6360 631959
6361 631847
6362 631931
6363 632332
6364 632007
6365 632369
6366 632393
6367 632439
6368 632326
6369 632626
6370 632937
6371 632984
6372 633086
6373 633014
6374 633486
6375 632750
6376 633231
6377 633387
6378 633031
6379 633430
6380 633964
6381 633742
6382 633620
6383 634499
6384 634638
e