set output "diagram3.pdf"
set terminal pdfcairo
set title "Circumference"
set xlabel "points n"
set ylabel "circumference"
plot '-' title 'circumference' with dots
 
10 3660.017409307026
11 3916.0725475124286
12 4065.950931041404
13 4219.7082634395865
14 4544.1269280032675
15 4685.451516358091
16 4856.844080498578
17 5072.523368214268
18 5508.309203124538
19 5416.041537754326
20 5659.172679405913
21 5843.680174789104
22 5861.2554690772495
23 6190.022921819887
24 6268.52916542705
25 6623.6475629229335
26 6484.714704956891
27 6796.146583605064
28 6825.2952817673595
29 6994.775912230877
30 7371.396467510959
31 7443.519560127728
32 7547.433731373953
33 7588.893789493519
34 7625.390182319065
35 7957.388505181306
36 8008.270316105314
37 8196.493197918599
38 8238.18402875197
39 8456.403492089654
40 8492.18352924597
41 8759.044565678423
42 8671.104204242922
43 8908.13048407975
44 8987.57754274846
45 9145.174358859294
46 9418.799063358154
47 9351.793807552534
48 9575.15553853111
49 9682.852409154255
50 9730.6864422526
51 9891.734653668922
52 9996.537753659959
53 9992.346343564051
54 10231.265143198021
55 10171.301872311316
56 10553.471917706673
57 10480.324517340872
58 10429.057781940382
59 10587.432896441578
60 10641.73854606938
61 11025.207098879702
62 11070.122240554269
63 11120.009535423605
64 11132.383848388092
65 11120.045856965387
66 11372.533391016863
67 11544.7677337665
68 11509.256439705186
69 11575.782820735038
70 11773.745682756018
71 11684.95228496758
72 11896.384720182665
73 11851.773258436473
74 12148.521262459255
75 12324.259144960432
76 12236.212127095872
77 12310.045969552408
78 12646.445560915348
79 12570.971212609851
80 12647.010944936876
81 12727.45895282787
82 12849.848964985353
83 12807.975641441786
84 12980.651595704641
85 13070.825129849385
86 13261.036671149937
87 13207.53843103784
88 13411.821136412458
89 13490.414370669916
90 13505.614890107425
91 13618.0222826364
92 13667.873064158199
93 13631.017171221807
94 13802.048066438303
95 13977.48108025915
96 13935.09568257024
97 13961.351194431962
98 14030.878714113389
99 14284.484179746485
100 14214.300698325387
101 14498.184689556014
102 14365.030887481904
103 14432.214871107606
104 14718.628121218464
105 14593.688199814243
106 14605.425310762394
107 14774.793160387231
108 15102.448818292945
109 14816.447312153387
110 15008.48214974793
111 14988.030999906663
112 15161.337263417921
113 15150.871245790546
114 15273.696579453861
115 15589.95360606386
116 15485.032025831788
117 15624.188201138533
118 15533.76491779591
119 15774.23155938009
120 15842.765252927795
121 15778.472036630837
122 15851.162975367997
123 15992.732900284782
124 16072.880602002833
125 16092.03420915711
126 16248.94035674253
127 16365.963970268804
128 16315.765731813204
129 16451.13644971552
130 16472.801364764764
131 16692.526538788756
132 16643.873448466908
133 16492.522798883438
134 16799.66457274619
135 16855.223059520325
136 16791.9283933069
137 17115.926026030156
138 16903.50490746157
139 17128.072703924234
140 17190.120708051647
141 17286.509249912146
142 17440.47824796608
143 17418.003496026453
144 17195.69029681228
145 17456.554803669955
146 17715.565205634364
147 17621.053966451807
148 17565.95132996592
149 17577.350360367975
150 17905.71142405683
151 17924.050270311014
152 17839.64906404472
153 17914.491602191014
154 18006.944304822813
155 17924.303027998027
156 18108.50681997721
157 18167.65841638504
158 18401.55157999333
159 18381.23371496793
160 18279.07720463595
161 18360.81285223567
162 18558.979576849248
163 18478.393809792546
164 18780.68431817354
165 18653.312627621923
166 18845.893384657757
167 18678.67363395355
168 18943.11061196058
169 19133.7732225098
170 19070.192251504646
171 18989.930076052024
172 19084.756658040904
173 19172.646727630454
174 19299.29872220359
175 19194.4934735054
176 19284.307455475962
177 19419.649223261655
178 19440.9769908065
179 19650.241822793854
180 19486.770289166434
181 19679.180195679244
182 19715.90791010704
183 19794.147355269277
184 19791.621837425184
185 19787.54783460443
186 19745.471413548672
187 19903.90106175286
188 20098.710785462965
189 20038.197298910065
190 20274.150797434093
191 20022.710766992142
192 20312.825745005506
193 20194.95541771853
194 20377.921589393212
195 20421.90777063843
196 20338.421784497838
197 20656.528659141375
198 20683.117897389817
199 20747.24439293831
200 20795.99536993845
201 20664.06876373615
202 20788.074628976392
203 20990.415776885013
204 20950.18793864169
205 20961.132814935714
206 21146.687554618504
207 21465.70314501466
208 21305.013242878573
209 21126.41616281051
210 21233.525419200083
211 21263.6870667279
212 21382.494492759495
213 21475.760332161208
214 21460.864381766973
215 21397.376082711624
216 21551.452350285123
217 21848.53938831384
218 21622.41711927521
219 21817.861292380494
220 21651.896108456785
221 21667.62795846916
222 21937.63992782749
223 21998.368616220603
224 22026.014002868455
225 21859.3086291607
226 21912.906086260366
227 22044.992859717422
228 22195.441256785733
229 22362.91436519459
230 22281.904372091456
231 22262.08231542087
232 22318.4128269938
233 22270.695760797265
234 22220.075029342846
235 22514.472686247853
236 22294.674187956974
237 22628.402164658233
238 22778.708308540805
239 22979.157580041658
240 22720.58336966596
241 22718.025995996486
242 22886.014000975014
243 22997.04137457453
244 23101.01126834702
245 23032.180527604283
e